	NP_001286321	NP_001259822	AAN71367
NP_649210	0.9870891901685382	-0.5413046696376924	0.9994244493139934
NP_650063	-0.9010394156655903	0.75768586039619	-0.9679546581436086
NP_001286321	1.0	-0.399639485584145	0.9810875698288581
NP_722721	-0.5957083974454235	0.9743405879467856	-0.7399131895216983
NP_610604	0.5387886185157548	-0.9875636087137876	0.6916654088471254
NP_001259531	0.9289819077640366	-0.7105413454171289	0.9830556550820827
AAL48038	0.36882273426442447	0.7046506377896651	0.18192932996654804
AET07646	-0.9976667455377167	0.4612900751646399	-0.9920134705813991
NP_001162901	-0.9816866618362095	0.2176921397386493	-0.9262460291195603
NP_001260098	-0.9958804012964644	0.48111376902562536	-0.9945976244276196
NP_511096	-0.9290882284935094	0.7103391137891508	-0.983108289653203
NP_659573	0.48266486779690654	0.6099344472799259	0.30401180007432205
NP_523767	-0.9746814836108076	0.18455521551080364	-0.9129672994622604
NP_001246637	-0.9602676531280012	0.6395864403345801	-0.9961267479203831
NP_730632	0.9070427185012157	-0.7484445521783911	0.9713864250351206
NP_001261383	-0.758505414308802	-0.29423619585034627	-0.6180207469370396
NP_476778	0.4054602312758851	-0.9999797833995973	0.5747316743474937
AAA29000	-0.15524649545276364	0.9676010733591673	-0.34352799516033505
NP_001286247	0.9802127529000126	-0.5731841419980213	0.9999900144117785
NP_723510	-0.9994411752982009	0.43005739224851863	-0.9870095125671384
NP_477385	0.9662492292447364	-0.6222944577378703	0.9978390532469623
NP_001246465	-0.9532813124059802	0.6578809118553717	-0.9937251558329847
NP_477310	-0.11702323496180433	-0.863606996907082	0.07742442076347417
6XU6_CB	0.38130470786692905	0.6950328423499265	0.19515280490831619
NP_001287386	-0.8981940964270639	-0.044014529889586394	-0.7961163242157284
NP_001303317	-0.975619561124606	0.591076918561322	-0.9996495365493228
AAM11288	0.9190889169633336	-0.006089277990198399	0.8254326173895538
NP_001245823	0.5678396766187206	-0.9814801161675071	0.7164308961262685
NP_729234	0.516600303381649	-0.9913332412243404	0.6725651471585022
NP_722959	0.9655066774073054	-0.6245361863268927	0.9976465702766917
ACT88125	-0.6606346936903391	0.9521685829535012	-0.7934507461113566
CAA40804	-0.8464758897913954	0.8263463725803525	-0.933525901564991
NP_729380	-0.7753646190141538	0.8887576059417965	-0.882939189391896
NP_001263095	-0.9033718905371404	-0.03209925896653917	-0.803275277784913
ACY40036	-0.8676245748555318	-0.10905068893073849	-0.7549716159154727
NP_001097695	0.7160422623811176	-0.9260482805843363	0.8376191401436675
NP_651455	0.9956507336910136	-0.3125000587890103	0.9587872352112943
NP_511055	-0.9464378209543352	0.6742147236537247	-0.9910376440317724
AAA28509	-0.9718248502815217	0.6044430984856983	-0.999069220860402
NP_001246877	-0.9237079266245968	0.7203250300906178	-0.9803923989094597
NP_611175	-0.996505597223048	0.47480897392663707	-0.9938269178529222
NP_523830	0.972455160582229	-0.6022986736004405	0.9991816035080505
NP_651400	-0.408233939164674	-0.6736630635944217	-0.2238126793546051
AEB39622	-0.9788805185877366	0.5785975715843792	-0.9999384992285458
NP_649785	0.8684086412422489	0.10748089402144516	0.7560061657149486
NP_001246778	-0.9033285174638579	-0.032200332119728094	-0.8032150425685345
NP_001285404	-0.9889846822883043	0.5309212511078324	-0.9989315754984132
NP_001285979	-0.6359576576412544	-0.4532642527269167	-0.4745518624275797
NP_647775	-0.9697874670186648	0.6111888473203512	-0.9986667311233126
NP_726358	0.9980281491639091	-0.34131382413345707	0.9670033735479037
NP_608375	-0.984665783230005	0.23359653276927678	-0.9322757758428402
NP_477332	0.9631972838897813	-0.631329033446182	0.9970101142778586
NP_001137999	-0.9551440834608393	0.11024856449672293	-0.8797575360082496
NP_726775	0.9999611485069849	-0.3915436347276779	0.9793432130247924
NP_001096945	0.6181828080283731	0.47348574115253655	0.45434319260976674
NP_524463	0.9639005495279961	-0.6292882237668187	0.9972097953304351
NP_608531	0.9863777840472902	-0.5449842663155315	0.9995635147145921
NP_001259537	0.9594324299871013	-0.1249816888213055	0.88671393965836
NP_651885	-0.4275562080322207	-0.6577932049958947	-0.24449003012217765
NP_001286053	-0.4331963683749506	-0.6530740582186106	-0.25054405485924097
NP_001036276	-0.6308038059293347	-0.45919084109607794	-0.4686789473309459
NP_730669	-0.9899346095706891	0.52534948256783	-0.9986068412315064
NP_001163784	-0.9987861186617583	0.35400149306527595	-0.9703621709219916
NP_609151	0.8788567956168704	0.08610538293179956	0.7698886729667525
NP_652032	0.8813758411267932	-0.7852830514603427	0.9561497544978554
NP_001014515	0.9916166258377356	-0.514736808573221	0.9978741341208468
NP_536731	-0.9831421634934363	0.5605093681421566	-0.9999404127831815
BAA34397	0.9175834955837452	-0.002285796019255948	0.8232795637125276
NP_649069	0.963108117812121	-0.13820596201935745	0.8928023636187369
ABG02147	-0.9999900295162505	0.4037289198225986	-0.981942153632712
NP_573128	0.6294561010864984	-0.9638430065028137	0.7679580793381106
NP_001286142	-0.6162620500827751	-0.47563459742965347	-0.4521670972548048
NP_572320	0.7284566253598309	0.3368848248420527	0.58207032701438
NP_001260128	-0.8082983633029004	-0.21668410039803981	-0.6790459611880814
NP_652145	-0.5930317078559323	0.9750843473776108	-0.7376700547558895
NP_001162682	-0.24700628336691538	-0.7895548093731561	-0.05476819591185418
NP_524938	-0.8511736388848066	0.8213094638181008	-0.9366747791087483
ABV69001	0.7152327300290444	0.3548145923335194	0.5664264162411782
NP_609299	-0.9469649757698907	0.0838840276403708	-0.8668562004115932
NP_477378	-0.979984323570982	0.20915417318551896	-0.9229166670493063
NP_788518	0.3762037421829373	0.6989849881197939	0.1897442357097173
NP_001262294	-0.9999453347827562	0.40920234430705515	-0.9830578433877597
ACX30015	0.9965153067918945	-0.4747065928176994	0.9938140056409727
NP_648553	0.9683274902412502	-0.6158599116734094	0.9983439115691162
NP_610470	-0.6400816960136402	0.9600876047482273	-0.7766930576184131
NP_001188958	-0.752901142203159	-0.3024039029350128	-0.611270705684499
NP_726025	-0.46396088512100714	0.9974565439851062	-0.626656389432444
NP_648904	-0.3158850759792829	-0.7434962910532658	-0.12625750232308522
NP_725103	0.9569211637518568	-0.11626960277981346	0.8826224450302301
NP_001163479	-0.9389056073236028	0.690719249304836	-0.987768603133669
NP_609305	0.9750905299816566	-0.5930092656245735	0.9995831885757872
NP_001260510	-0.8647690044070231	0.8059210894895343	-0.9456163331699623
NP_001262996	0.3559199907282737	-0.9988850980882436	0.5300777992133409
NP_730171	0.9871092380515178	-0.5411993826741334	0.9994201938659549
NP_648776	0.9648017013650187	-0.6266379621814029	0.9974582291138087
NP_001259998	-0.799025613776634	-0.2318701660031018	-0.6675244015764193
NP_573076	-0.24225767615344854	-0.7925507752188572	-0.04987749327991233
NP_001259742	-0.935454988099433	0.0498507007837514	-0.8493487249825111
NP_001285398	-0.8259154623975735	0.8468828066504175	-0.9194258417725805
NP_647865	-0.8385086288695373	-0.16438292309011113	-0.7171794078413484
NP_001260930	0.9999992574821835	-0.39852211338772425	0.980850959864151
NP_001287413	-0.5772981767536903	0.9792047868043038	-0.7244318726619292
NP_001285915	-0.6147603844829364	0.9686748154303775	-0.7558007179299884
NP_610111	-0.0009514988085723977	-0.9162917245364776	0.1926308174552183
AFY04291	-0.93250602112287	0.041605932123717326	-0.8449634228767802
NP_523528	-0.9139465380954082	-0.006768254147418477	-0.8181064529194056
AAM11013	-0.3949246144930198	0.9999868018827506	-0.5652858713850922
NP_650055	0.9706447869990734	-0.6083837928936	0.9988431748579345
NP_649258	0.8040795722788295	-0.8663235698772638	0.9039507131730643
NP_001262259	0.9393875684190519	-0.6897040110023004	0.9879863999586028
AAR82755	-0.9277010005335833	0.7129618109847496	-0.9824181710371687
NP_524836	-0.9675270370653611	0.6183670398299126	-0.9981555502166121
NP_001137769	-0.7548887560052968	-0.2995188529368144	-0.6136622052278177
NP_001286545	0.9598061147387604	-0.6408532673017211	0.9959803895566246
NP_001246231	-0.9930818942433162	0.28923557143166234	-0.9515712317695485
NP_001097437	0.5292445119467601	-0.9892754411789721	0.6834686811207145
NP_651582	0.9788358161747379	-0.20358707342759963	0.9207112527802656
NP_648918	-0.8178566334596622	0.8543213067673593	-0.9137702044352303
NP_651781	0.45012084533066626	0.6386727325193113	0.26876121101609446
NP_649470	0.9999239823111306	-0.3883065092862192	0.9786263351725084
NP_476667	0.9872933495746881	-0.24889457132612716	0.9378622455180582
NP_650501	-0.9758025093161219	0.590403070645862	-0.9996712965207418
NP_609397	-0.8409037448450231	-0.16003074609866064	-0.7202461128043074
NP_001287214	0.9714235592555316	-0.6057938108201788	0.9989945995143564
NP_609058	-0.8910406511294511	-0.06000412920767396	-0.7863254701249016
NP_523400	-0.6882268357664398	0.9400843813185529	-0.8156409148958363
NP_477153	0.9983513590824848	-0.34636519457215315	0.9683598424437772
NP_477159	-0.822914078627611	0.8496908988784834	-0.917327458025593
NP_001287182	-0.9993076675029552	0.4334672739970744	-0.987609826289955
ACV44467	0.6658895074873229	0.41776804564305875	0.5088871187240077
NP_001246899	-0.4636293781020528	0.9974831450748275	-0.6263647442520882
NP_001286919	0.8080254670169147	0.21713642125701446	0.6787057431491328
NP_001245928	0.35438197811786915	-0.9988060768839205	0.5286819775770248
NP_001096993	0.965191015353082	-0.6254804284215203	0.997562902212371
NP_523398	0.9253672742833559	-0.7172979301847273	0.9812411335756621
NP_001284754	0.5729638922757536	-0.9802659176797484	0.720769389074055
NP_725591	0.9928383732251215	-0.28726684806813657	0.9509371511954999
NP_001259146	-0.9998471391755475	0.41560570694378035	-0.9843219245263568
NP_001033891	0.9883181721113791	-0.2552657901246307	0.940126549262591
NP_001285059	0.9072218274881443	-0.7481622321583193	0.9714874173657111
NP_477314	0.8573796810238395	0.12915425283425444	0.7415399565239699
NP_001247301	-0.9668949929322743	0.6203209226639506	-0.9980013780102962
NP_001260689	0.24657619560645028	-0.9869102603046256	0.4295006399645725
NP_001284961	0.8329972634106525	-0.8400724508335577	0.9243380172677524
NP_001262966	-0.20375372181762727	-0.8160145711048791	-0.010396395174997585
NP_477203	-0.780581779509654	0.8849207425375794	-0.8868072244143165
NP_001285737	0.4694958140892232	-0.9969909305439567	0.6315212400142816
NP_001262556	-0.6437453541621457	0.9587402436827897	-0.7796937504162736
NP_001189124	-0.9942847632791892	0.4952198767648273	-0.9961454598509454
NP_001260732	0.3486032805658779	-0.9984855145527058	0.5234325310051041
NP_001285794	0.9961905924751981	-0.4780533648487959	0.9942295382842318
NP_001284995	-0.9527294816265444	0.10224499942407489	-0.8759023315086302
NP_001246139	0.9679134755270382	-0.617161285758239	0.9982474626374019
NP_523813	-0.5547696714109086	0.9843829418275071	-0.7053239859039012
NP_523774	0.9603400158793874	-0.12819257101355594	0.8882057811182216
NP_001286260	-0.9481506702353313	0.08758053766588224	-0.8686999668628355
NP_524002	0.9663651217856404	-0.6219419404033044	0.9978685365512768
NP_608387	0.9287515136728762	-0.7109788751223594	0.9829414494654708
NP_001262025	0.43504369207887233	0.6515197530261949	0.25252875642783873
NP_001285145	-0.41004387164386125	0.9999352640115616	-0.578832422833409
NP_610610	-0.9972406155581989	0.3304855789558421	-0.964010701692853
NP_725114	-0.8806455787145924	-0.08235631240326002	-0.7722843275147058
NP_001303417	-0.9180330186530251	0.7303464625959205	-0.9774198345421378
NP_001036440	0.9704669224913585	-0.16670414468270423	0.9054186740418168
NP_524819	-0.9822451655348273	0.22057456259111555	-0.9273554912359782
NP_001260537	-0.8578718168656061	0.8138841596115927	-0.9411131075132053
NP_001286614	-0.9557667441178976	0.65157904545476	-0.994623140654106
NP_649560	0.9997726383734286	-0.4190948548569177	0.9849918876371234
6XU6_CM	0.17631885433979222	0.8318470095636835	-0.01754761914477196
NP_001286770	-0.7847915970882496	0.8817503661689221	-0.8899127105950071
ACJ13227	0.6262092698626427	0.46443028482429455	0.4634526677977897
NP_651782	-0.9918858976698531	0.2798590217043475	-0.9485188310699635
NP_001163336	0.6982235819278867	0.3771895010039303	0.5464496348779142
NP_001247264	-0.9885959539359326	0.5331257800244331	-0.9990485108830103
NP_001284750	-0.371502805558839	-0.702600641245343	-0.18476542620841419
NP_001259991	-0.8994431374209746	0.7600734841217834	-0.9670274461091247
NP_001261501	0.4814882411963446	0.6109981465710312	0.30273210870393763
AAL39439	-0.8559416668416714	0.8160540797956789	-0.9398405424882175
AAY85097	-0.9982997052773738	0.452392612896489	-0.990702258596685
NP_647950	0.20611326028117213	-0.9793607334261901	0.39162337879728837
NP_001104459	-0.9364207996207741	0.6958718377810971	-0.9866284965033495
CAA61806	-0.9992236628721807	0.4354427674234637	-0.987951644260413
NP_732312	-0.9380573927713088	0.6924933429358461	-0.9873826267037377
NP_524726	0.9926322899115961	-0.5077643487088749	0.9973125762440537
NP_524421	-0.9645838601347997	0.6272823206620644	-0.9973989535784172
NP_001104426	-0.9102877381367959	-0.015693564894976305	-0.8129409405854109
NP_001262233	0.9779108693296495	-0.19920680283197922	0.9189569158744896
NP_001303431	0.9856666856970512	-0.5485580213054662	0.9996805065780803
NP_729654	-0.930188818068484	0.708233577839811	-0.9836505833927105
NP_001284785	-0.6406503786540283	0.9598802507600749	-0.777159210364787
ACT88135	0.8803792131728639	0.08291631577451435	0.7719272273690264
NP_511073	0.81117859210938	0.21188965167815504	0.6826410567408988
NP_001284805	-0.14125503612216733	0.9639322313139317	-0.33020714486306857
NP_610503	-0.9994598623328406	0.36929892522502566	-0.9741965202384408
NP_476985	-0.9844163965290421	0.5546114633264372	-0.9998376165174582
NP_001034051	-0.6627071310165406	0.9513203392884528	-0.7951299851453482
NP_001188689	0.9826722159252891	-0.22280767526607737	0.9282099709613467
NP_609222	-0.9998139914137627	0.38188542643705	-0.9771718314488747
NP_001262202	-0.30544050841625764	0.9949317744280973	-0.4839780765649019
CAA48872	-0.9545096176328619	0.6547932266546639	-0.9941745816743092
NP_001033885	-0.797924153197157	0.8714134958915616	-0.8995059384236419
NP_001247362	0.579101371706816	0.5158904781555949	0.410344700200838
NP_001259397	-0.9135009881042777	0.7380068620824012	-0.9749735326933848
NP_001245533	0.1669876441069276	-0.9705362443876348	0.3546760705618323
NP_477136	-0.0509098646995289	0.9358292950846456	-0.2432604399210026
NP_724333	-0.9108859586184814	-0.01424636317995683	-0.8137829556465145
NP_001259956	-0.7089076664121043	0.9298377255631767	-0.832021728334842
NP_648409	-0.9698441486820134	0.6110048457203339	-0.9986787038060497
ABG02165	-0.9720008264890897	0.6038472354019828	-0.999101196321162
NP_001245895	-0.9509947599359474	0.09661353848016434	-0.8731576685270739
NP_648910	-0.8900098417782104	0.773631891790726	-0.9614316035961187
NP_001262647	0.98675508471566	-0.5430462752834453	0.9994926142291676
NP_001259822	-0.399639485584145	1.0	-0.5695164820482108
NP_001261698	-0.5937578580417355	-0.5003056529737437	-0.42677805730168356
NP_001287055	0.19741539816462064	0.8197372287517479	0.003926746067573713
NP_001036353	-0.8992967380394516	0.7602910496453467	-0.9669421109236878
NP_610294	-0.5750865775856695	-0.5200955583483573	-0.4058566911804973
NP_477135	-0.989566335260435	0.26339746195630315	-0.9429628594837953
NP_730672	-0.9472088010699486	0.08464096064415529	-0.8672346723604276
AAN71367	0.9810875698288581	-0.5695164820482108	1.0
NP_001097399	-0.8922588904049419	0.7704816230734632	-0.9627831146674687
NP_609183	0.7315734545496272	-0.9173186205174517	0.8497026026108302
NP_650498	0.9196237711528941	-0.007448727523053351	0.8261992821741367
NP_001247382	-0.9677522286767198	0.6176654436692574	-0.998209330536853
NP_477101	-0.979194984112303	0.5773376255914124	-0.9999544303761327
NP_732610	-0.8523400572004235	-0.13877990240419963	-0.7349883763261424
NP_611539	-0.39665500772605755	0.9999947074644998	-0.5668391839140872
NP_001246062	-0.9251304345401706	0.0217045111364223	-0.8341473550600133
NP_001285895	0.26927494166321825	0.7752006844515655	0.0777675112563135
NP_649940	0.9197502943966808	-0.00777094546690935	0.8263807750295777
NP_001189044	-0.9995131626930733	0.4280450697196661	-0.9866491419163194
NP_001286731	-0.9916084588215027	0.2777808057017656	-0.9478312159363271
NP_610057	-0.9997415564243605	0.3786968613497843	-0.9764335820753405
NP_001027048	-0.9999884802750956	0.3952349195543916	-0.9801471725773322
NP_001285259	-0.9909578233372224	0.519019238003972	-0.998187663250968
ACH92188	0.14124426057388761	0.8510357670487706	-0.053050893986117134
NP_001285378	-0.9848375370917252	0.5526035413447002	-0.9997912606454334
NP_001303388	-0.7150027179015594	0.9266088572741498	-0.836805352155528
6XU6_CX	0.862932411112923	0.11835044201987727	0.7488004193399587
NP_001262426	0.9546123827339509	-0.10846904171195967	0.8789049963265908
NP_648848	0.9885082936483289	-0.5336172330807796	0.9990736810799433
NP_001260414	-0.9994953087031492	0.37031806689956315	-0.974443506796565
NP_572998	-0.9278048908627509	0.7127665818973239	-0.982470104924368
NP_001284943	-0.9366359810963425	0.6954309203477833	-0.9867283456191268
NP_523419	-0.980332635758913	0.21087224093326462	-0.9235917854364708
NP_001285613	-0.9673306609562347	0.6189765092366158	-0.9981081552782964
NP_650954	0.2439236317032095	-0.9864653104794587	0.42702813102350246
AAL68340	-0.8945102586716998	0.7672776506737403	-0.9641253656977473
NP_650643	0.9656038733660708	-0.6242444047186604	0.997672113307457
NP_001287481	0.6677340660978779	0.41551794482548515	0.5110162649362505
CAA58023	0.9735880472431319	-0.17979702886932095	0.9109820773460863
ACT82949	-0.9487816699721865	0.6687772176071062	-0.9919911898914759
NP_001261871	-0.8436344184173061	-0.15502830955435318	-0.7237510208938236
NP_001286628	-0.1720653926058321	0.9717648376756886	-0.3594887159735362
AAM52624	-0.9848429924652518	0.5525773295359809	-0.9997906175958506
AAL68349	0.07127492451188903	-0.942825304949633	0.26299906047547833
NP_609444	-0.9931045269976468	0.5043473420409882	-0.9970144964962732
NP_001245404	0.7957960752973684	-0.8731359791309578	0.8979614108013014
NP_609040	0.6777974898008614	-0.9448567727515234	0.807296660402591
NP_001188916	-0.3455339958266736	-0.7221220614700491	-0.15735706066069133
NP_001162693	-0.9769454053135634	0.5861256941086566	-0.9997929208788041
NP_649139	-0.9965584665619288	0.3222785357817279	-0.9616660208219611
NP_001285446	-0.9994944504946908	0.4285819138780128	-0.9867457226263834
NP_001033899	-0.9569468207181104	0.648510088247003	-0.9950332744979751
NP_001261955	-0.978924484710759	0.5784220591363435	-0.9999408624574797
NP_651578	-0.8816469943196358	-0.08024546195857603	-0.7736280235124499
NP_001259970	-0.3660631390010776	0.9993394643987497	-0.5392691017044421
AAD46853	-0.9998241236773282	0.38237769958253165	-0.9772848653723492
AAG17032	0.9925415294684158	-0.5084075516107313	0.9973670100073695
NP_001261687	-0.9962220124815315	0.47773620813781603	-0.9941907418316138
NP_001261994	0.9946528278175955	-0.492172003699858	0.9958319148027197
AFH89824	-0.5093011724951557	0.9924144473505236	-0.6662483256105051
NP_611228	0.9713179139521656	-0.6061475589899522	0.99897456480841
NP_001262821	-0.9462266729021064	0.6746970753776818	-0.990950160944451
NP_648273	-0.6685623377803216	0.9488729310772284	-0.799863553254817
NP_524358	-0.9704598973495915	0.6089927561818852	-0.998805972953273
CAA70286	-0.7323948583307102	0.9168379380786005	-0.8503376543464868
NP_725564	-0.2662293921985903	0.9899851920222538	-0.44777295865745803
NP_523836	-0.7622690214229257	-0.28869288089441025	-0.6225660980861873
NP_001286363	0.9904280545979137	-0.2692859080554133	0.9449789664171939
NP_524043	-0.967818462223978	0.6174585374908946	-0.9982250318641429
NP_001261630	0.921026264673754	-0.7251227959922423	0.9790008488404092
NP_001036387	0.8211665921195793	0.19496385156654453	0.6951713433693334
ACX30017	-0.6922976665091708	0.93815132396179	-0.8188830437160395
NP_651876	0.8953642372475885	0.05040300763389929	0.7922298001600108
AHZ64223	-0.9214474450932538	0.7243767882093489	-0.979220994325184
NP_001163480	-0.9996665761641962	0.37583661716175043	-0.9757623785510808
NP_524011	-0.8766484130617207	0.7913833234319823	-0.9531988034468718
NP_611693	0.9549895871401352	-0.6535726270796175	0.9943472285864217
6XU6_CC	0.9331306182806022	-0.04333769367378532	0.845889177509869
NP_001259663	0.9869185730077846	-0.24662615675209434	0.9370471853736173
NP_001259876	-0.920809432995872	0.7255057805971102	-0.9788872869010614
NP_649539	0.22637546497618094	0.8024071131499729	0.03355465554160141
NP_609037	-0.9919776572811442	0.5123130415289517	-0.9976860686338853
NP_650774	-0.8778910142407085	0.7897981043493955	-0.953978308990148
NP_001261742	-0.9772525334174684	0.5849556295564876	-0.9998212519149446
NP_611604	0.953149525035418	-0.6582091809932968	0.993676299393168
NP_001163296	-0.9679126969747271	0.6171637235967457	-0.9982472792833571
NP_001247111	-0.3325555542724964	0.997401095456544	-0.5088135529978042
NP_001245509	-0.9953937835821396	0.48568080096758326	-0.9951256482378069
NP_001285018	-0.872719758093961	0.7963124386956395	-0.9507168107575302
NP_001285657	-0.8871159226681024	0.7776136539196746	-0.9596774153474393
NP_523582	-0.8936373491612943	-0.054260454418824315	-0.7898667621392109
NP_001286300	0.9736500317430655	-0.5981537524515788	0.9993778032427587
NP_611983	0.8408349723036392	-0.8322178839965432	0.9297075197274655
NP_001097094	0.7398241738877419	-0.9124003799066595	0.8560624856507524
NP_001286891	-0.5270725435557194	0.9896458061663189	-0.681599283813786
AAN71576	-0.8022798916224947	-0.22658307693404856	-0.6715589326749745
NP_477034	0.9835148387060269	-0.558810884324786	0.9999159389610368
NP_647727	0.9905357948479002	-0.2700396660342405	0.9452347404972133
AAY27479	-0.3269870048636814	0.9969587647107623	-0.5037268336137436
NP_001285058	-0.9743428905911672	0.5957001801694263	-0.9994809936385097
NP_001285268	0.947139162822054	-0.6726038086470751	0.9913263765358751
NP_610398	0.46373254182869383	0.6268232135127885	0.28346895862223925
NP_610460	0.12281102143782285	-0.9588133877830401	0.3125875071714261
NP_001262598	0.24537399676334118	0.7905872009450208	0.05308652526196946
NP_732486	-0.9977877400440235	0.3378147540858391	-0.9660489356308769
AEC46900	-0.4973491230493483	-0.5964992370850226	-0.32001614517123644
CAL26784	-0.9938925378360767	0.49835558120858175	-0.9964558862829151
NP_477134	0.40160784394961324	0.6790009880915296	0.21674390604683175
NP_001285124	-0.9960705162600971	0.47925299579177927	-0.9943751798656377
CAQ53523	-0.9487573423314205	0.6688344576209061	-0.9919814620948912
NP_523444	-0.9976429694641323	0.46159825424970835	-0.9920572256324663
NP_649439	0.9613547960118074	-0.6365666777408677	0.9964639360510401
NP_001286407	0.9355709084408246	-0.6976037485329408	0.986232109311231
NP_001260796	0.923112973597535	-0.0164254098691912	0.8312235640781879
NP_724906	0.7854572980661452	-0.8812428282971055	0.8904024728759599
NP_523478	0.9819925527197682	-0.5656204080206674	0.9999888035158396
NP_524834	0.9884194243293257	-0.5341133829001834	0.9990987589065156
NP_610676	-0.9996782923812451	0.42276102212861794	-0.9856814349526272
NP_524103	-0.9590934843910239	0.6427919945157526	-0.9957507554529058
NP_609202	-0.9520556751099822	0.10004620850207359	-0.8748338330018518
NP_649252	-0.4426619100664925	-0.6450645032578494	-0.26072310022279704
NP_001285316	-0.9988770523559134	0.4426204233049129	-0.9891564714590324
NP_477210	-0.41810056293074116	0.9997953842328142	-0.586027318940069
NP_572573	0.9999634930163734	-0.39179216582955734	0.9793977951368183
NP_569851	0.17214354918368918	-0.9717835551112519	0.3595627513286741
NP_524776	-0.9835185179886838	0.558794009668098	-0.9999156749228604
NP_001261786	0.8231480492357793	0.19154870179974273	0.6976692580032956
NP_573098	-0.9999999744021574	0.3994320648101789	-0.9810437479350612
NP_001262379	0.7954781535963267	0.2375827359385483	0.6631371294731363
