	stw	Gasp	pio	puc	serp
a	-0.011381986204871158	-0.06980488001887834	-0.1923903958372165	0.9865947458863316	0.44835112690346507
Argk	-0.8745675289832094	-0.9014132615207369	0.7575577189389833	0.34638306037218847	0.9986108588222748
Bsg25D	-0.8964928445771725	-0.8690653061759376	0.9679081681753694	-0.5741351781220504	0.6117347165807533
cact	-0.450188785892731	-0.5016077241782616	0.25900996529700065	0.8141589247638553	0.7959131066904651
crc	0.7278800256285296	0.6865589817846984	-0.8522152334495809	0.7883432902785922	-0.3538531518807951
cv-2	-0.006395015593637986	0.05206085771090376	0.2098042611343635	-0.9893397663487749	-0.43239075366792223
CycA	0.6007640248114314	0.5530136716637903	-0.7509081766843803	0.8814294733461682	-0.1897611802429061
dnc	-0.09825169791082508	-0.15624709345552243	-0.10636763276779365	0.968676740122984	0.5243469934676431
Pka-C3	-0.9942253638820195	-0.9862538104569321	0.9952544953635176	-0.25713825048573347	0.8466932251132838
dpp	-0.8633478838953368	-0.8913645029258769	0.742561965631228	0.36756451189950656	0.9971593951989769
ed	-0.8361744409427133	-0.8668006314096387	0.7070309517323038	0.4150386755694758	0.991947838910818
egl	0.41658282075950853	0.3627374465242346	-0.5929060920466886	0.9618411131210108	0.023852118962604283
Eip74EF	-0.3359959171859004	-0.39046983284942915	0.13724813372017625	0.879872353547256	0.714703433818145
for	0.8410166306214091	0.8711988675737863	-0.7132890769741851	-0.40693514668267394	-0.9930344003363835
ft	0.9390251591471219	0.9575165681882997	-0.849377359500854	-0.1971713541588319	-0.9947488727488691
ftz-f1	0.22776519881668236	0.17046590539455936	-0.4211942279547947	0.9970183539122672	0.22189319727365367
fz	0.2740646988351888	0.32980451005325556	-0.07257346946186277	-0.9089001181270548	-0.6677295759398205
klar	-0.8647355630130027	-0.833904098649652	0.9488594582517714	-0.6277918491556362	0.5572631158523922
crp	0.9966362399743954	0.9997223580620284	-0.9590905760633719	0.07043753675725938	-0.9317863746727209
sas	0.3835135160299527	0.43683499214592203	-0.18750160818258335	-0.8545367214522461	-0.7493866752383068
robo2	-0.9549364636454086	-0.935956645422115	0.995359909823824	-0.4384659313777085	0.7283481100927912
mam	-0.9697629609857854	-0.9823689201808671	0.8997856224085278	0.09385993195510126	0.9786521175538129
nkd	0.3745495261812207	0.4281009191708693	-0.17797792491217612	-0.859527806696817	-0.7429376451142875
pk	-0.439992700980162	-0.38675585190521633	0.613567243015332	-0.9544306618231463	0.0020529630979068776
pnt	0.6334471469664451	0.6775891091640867	-0.46268397204212547	-0.6685489769293331	-0.9084403130016828
Ppn	-0.47843497483293485	-0.5289400164424114	0.28967944359492387	0.7952284888670175	0.81481452612105
pum	-0.9967100938754624	-0.9902692628748033	0.992341448818728	-0.2315577795961058	0.8604338348843429
put	0.3769064001567093	0.4303979155450223	-0.1804799592486899	-0.8582252185318178	-0.7446375695629914
pwn	-0.968529491717195	-0.9523266774787965	0.9989161194197956	-0.3931762494524418	0.7615592458120707
px	0.037854628822176634	0.09619416441559664	0.16633924891681068	-0.9819278450076667	-0.4718618001144485
raw	-0.7739153055790279	-0.735579044548922	0.8866177591972743	-0.7435315695234942	0.418200101940524
rl	0.48930635407961404	0.43749834051232706	-0.6565788080706935	0.9363350906758543	-0.05772452548595043
rst	0.5184725502137733	0.46760929768583953	-0.6816705066847122	0.9239467851688546	-0.09139837393082585
S	0.9989759558692479	0.9946239199233577	-0.9872718490455609	0.1965127588274037	-0.878158554720003
Scr	-0.019664453711085172	-0.07806567374980113	-0.184255147256529	0.9852091350129263	0.455739919449962
Sh	0.5966643060104498	0.548741851291112	-0.7475180612351429	0.8838354659001769	-0.18473321460754052
so	0.6819518746940869	0.6380387895548936	-0.8165491759709687	0.8265265025683551	-0.2925481053781174
sr	-0.1229045303753092	-0.18069745997391387	-0.0816725542800497	0.9622195083665257	0.5453056086752255
Btk29A	0.6119295146455054	0.5646576915877958	-0.7601068944722769	0.8747108184826613	-0.2035283113954552
ptc	0.916903167004311	0.9386622014421907	-0.8164702018212592	-0.25515239602771245	-0.9990759912294824
vn	-0.9621554145195511	-0.9445840227392643	0.9974797030371255	-0.41553612318376143	0.7454881870531184
yrt	-0.9719803034029699	-0.9840572486661665	0.9037857133768246	0.08464090212371496	0.9767078939439572
Tm2	-0.5965217138447652	-0.5485933075994521	0.7474000301895971	-0.8839185680395414	0.18455859449982473
Ser	0.6305280899620282	0.5840863130292728	-0.7753146286820751	0.8629622167190166	-0.22670749893737638
ct	0.02473075417071173	0.08311673921253128	0.1792720126191621	-0.9843281315395432	-0.4602447445107557
T48	-0.7091697367818032	-0.7491641910455963	0.5508148218605842	0.589093082268257	0.9463856689424295
Ptp4E	0.7882110755588403	0.7508956347371529	-0.8969739840993312	0.7280273470946432	-0.43888650549284014
fwd	-0.9644952746382848	-0.9782821619594673	0.8905468186289094	0.11447886320682067	0.982702438526758
mew	-0.9966746231238847	-0.9997333152484487	0.9592234421167086	-0.07090606256978488	0.9316157673723959
zfh1	-0.5451740263995157	-0.5932388205680014	0.3631225204223852	0.7457495852750295	0.8573681063111009
zfh2	-0.3027513981555392	-0.35793709765367604	0.1024186094384818	0.8959998394940122	0.6897297859556546
retn	-0.9314817370329239	-0.9511514364459219	0.8379331968711099	0.21802568703033423	0.9967045908363588
Ac76E	-0.990064933316668	-0.9801543157498998	0.997959008217295	-0.28941804760596906	0.828363668588978
cdi	-0.9884078893357607	-0.9778448739533475	0.9986185908154686	-0.30024692560470134	0.8219621366634138
bowl	0.6070498685604829	0.5595671299727374	-0.7560929979493373	0.8776772345548978	-0.19749829890449264
Mbs	0.9074653191403041	0.9304688646816963	-0.8029519277713806	-0.27735968623497065	-0.9998009591256072
ple	-0.6563600487541148	-0.6993326021909625	0.4890534244394217	0.6459537647952821	0.9205638041143903
faf	0.9991905380932594	0.9998336394745839	-0.9700843594076782	0.11206591167346736	-0.9158008167869278
Rox8	-0.5961704490341145	-0.6420752755190066	0.42027014446020566	0.70294750944269	0.8876700020858602
bt	0.3599861903874687	0.41389858599449936	-0.16254892687399963	-0.8674246450590345	-0.7323662914055893
dac	-0.9734045444490794	-0.9851301706780952	0.9063951794037487	0.07852447189432397	0.9753726960643948
CanA1	0.7069129923972681	0.6643655869112579	-0.8360829522229196	0.8065026044465714	-0.3255435742278358
Galphaf	0.7979589020676319	0.8318210218628429	-0.6585733608323968	-0.4744638691866163	-0.9813645721995692
Parp	-0.721390890711601	-0.6796821263016505	0.8472508740327731	-0.7941016401758799	0.34503030051477146
hep	0.4430621483635473	0.4947011912714441	-0.25130840377241326	-0.8187580043053719	-0.7910656645846748
CycE	-0.9316643393963215	-0.9513063796413755	0.8382072165066755	0.21753547258294276	0.9966637225036388
Cyp18a1	0.28660881345269196	0.23012468740279382	-0.47561670032250863	0.9904731604003709	0.16213343397370705
cora	-0.6909474368585329	-0.6475153017058923	0.8236278839965587	-0.8194999344026307	0.30435501602756604
l(2)01289	0.07676120732238856	0.13490368048159168	0.12779250118310312	-0.9738081965656754	-0.5058563164066651
simj	0.3234649613149583	0.2676079375554237	-0.5092978747552981	0.9844029924634011	0.12382988565075581
Gug	-0.9029968166614623	-0.9265644220622316	0.7966391538832632	0.28744836624586934	0.9999554860269936
bol	-0.7759928507728349	-0.7378019245608142	0.888133292910848	-0.7413294217432863	0.42118375597878266
heph	-0.1974057785545251	-0.139772300327003	0.3928149671739705	-0.9989343302215522	-0.2520776740893037
Elk	-0.9784654146156697	-0.964728874304742	0.9999957202271251	-0.3526913794358503	0.7891067101420385
fng	0.8763030250415469	0.9029620702373234	-0.7598967167372932	-0.3430124354411487	-0.9987936181456616
Mef2	-0.1506601892856243	-0.20818165478747377	-0.053717782683140036	0.9542136671735191	0.568575873176332
msi	-0.9638617325452316	-0.9466438457434692	0.9979090079588239	-0.40976791353971065	0.749693958339312
wts	0.06127863169363031	0.0028375811024492392	-0.26316053065085127	0.9958420362186774	0.3822412673918367
PhKgamma	0.9981596808237805	0.9929091962565026	-0.9896065019788902	0.21160607485570898	-0.8706790184717975
Pxn	-0.9022334550944326	-0.9258959207201917	0.7955659530538587	0.28914648148365485	0.9999706463770016
mtd	0.9999661381957468	0.9987377341933263	-0.977356898376944	0.1438105505530507	-0.9024779889854689
nuf	-0.9089053934061601	-0.8829794992183376	0.9747572679644301	-0.5502679810019888	0.6343087066763806
CASK	0.43861440243897576	0.3853405160406385	-0.6123549924463259	0.9548874162635383	-0.0005186893047594527
MAPk-Ak2	0.9784807387152241	0.9888677573661396	-0.9159967819252341	-0.05526256959559192	-0.9699657261494314
Tie	-0.6489467929929931	-0.6033696639062642	0.7902268214623996	-0.8506063302334469	0.2499820895234247
bnl	0.8712217694566563	0.8984230734662891	-0.7530635909557292	-0.35280782965717333	-0.9982260531192007
cher	0.13348429659707128	0.19117921155718332	0.07103590901195438	-0.9592602277203501	-0.5542165911062268
mirr	-0.9999203017408442	-0.9989488828668772	0.9764173057896113	-0.13945901047016102	0.9043627177603369
mbc	0.7979589020494641	0.8318210218461117	-0.6585733608097133	-0.474463869213151	-0.9813645721937768
RtGEF	-0.8322025643366939	-0.7983732368209939	0.9276417152938675	-0.6744861077570157	0.505128376808687
ara	0.8396294661573311	0.8699397534900819	-0.7114932566059439	-0.409271297210983	-0.9927296423542937
caup	-0.07301958316671177	-0.1311848758366544	-0.13151299192950297	0.9746544729105759	0.5026160804073793
wun	0.09355299135278762	0.03520325901558407	-0.2942490600311749	0.9982688157770772	0.35213158350975315
CaMKI	-0.7714095607535156	-0.8072824396331073	0.625735119864503	0.511734669235615	0.9722329545149473
Dyrk2	-0.9989658937531304	-0.9946009219444862	0.9873071085311577	-0.19673028039786927	0.8780524057217538
sfl	0.9581244872471653	0.9732228022490133	-0.8797800903235412	-0.13744041174417254	-0.9867253476926473
mspo	-0.9989846373099035	-0.999910059425123	0.9689007713603964	-0.10726622423665452	0.9177295433661122
loco	0.9553750673487666	0.9710066379930337	-0.8752474561232328	-0.14679664092826697	-0.9882162652998282
stumps	0.9035218256567266	0.9270239411170377	-0.797378124678414	-0.28627626187791716	-0.9999431931391151
dve	-0.38426037572134525	-0.4375624275905407	0.18829603392802433	0.8541163417330007	0.7499219843552037
Rfx	0.6259006970971966	0.6704130628827774	-0.45405044789134524	-0.6757414309423236	-0.9043368540875928
Pdk1	0.7915277836716198	0.754456343684146	-0.8993517428651429	0.7243091167072494	-0.4437395875200303
JIL-1	0.9950678886235164	0.9991645211018375	-0.9540451295981723	0.05315565872994957	-0.9379319187240963
E23	-0.07301958299796223	-0.13118487566891548	-0.1315129920972346	0.974654472948429	0.502616080261103
Dad	0.3333002036521285	0.2776262175709439	-0.5182312089559542	0.9825177632396113	0.11349075770867838
pio	-0.9790651163728182	-0.9654949141905476	1.0	-0.34995220722246595	0.790900441853774
RN-tre	-0.8859957306962885	-0.9115822647562748	0.773063980654628	0.3236824953208762	0.9995904262318912
KrT95D	-0.9132667823969414	-0.8878968767882892	0.9770650746545357	-0.5414022343806958	0.6424530949343896
Atet	0.3340475214232346	0.27838771804950196	-0.5189090392917411	0.9823698688740934	0.11270309254020044
Spred	-0.7493976263995319	-0.7868149480410755	0.5989362982685053	0.5405612615830416	0.9637423770754172
RpL3	0.471929930551578	0.5226514177922692	-0.2825955047406437	-0.7996892093649084	-0.8105063715529366
Cad96Ca	0.4909024649110804	0.43914417449171184	-0.6579588340849793	0.935690604886885	-0.059552483354895464
RhoGEF2	-0.92359782672065	-0.9444250707961905	0.8262299511653922	0.23857108123763915	0.9981943571908739
vig	0.8986676128104798	0.8714951523822502	-0.9691361140559428	0.5700891156799004	-0.6156297128186561
trio	-0.8973396410502448	-0.8700110400430248	0.9683876317146467	-0.5725662290344985	0.6132484515384585
NK7.1	-0.43398272895781875	-0.4858962259390852	0.24151728728003694	0.8245164650084396	0.7848452735457092
Dbp80	-0.7892536307223073	-0.8237943157432047	0.6477389555527281	0.48701025702665585	0.9785147644891795
Optix	0.25272461166010624	0.19574372213009436	-0.4443736374142944	0.9947048275236505	0.19675030642271016
Scgdelta	0.12952242567054012	0.07134720019544886	-0.32864359339363036	0.9997434306485459	0.31802940152889525
bab2	-0.7467692973523391	-0.7843642841294952	0.5957598953593884	0.5438891662308627	0.9626779700728524
PlexA	-0.7698648253973777	-0.731248057981089	0.8836530941745546	-0.74777686473265	0.41240435882076953
Gasp	0.998290563474181	1.0	-0.9654949141905476	0.0939222812699308	-0.9229741984828111
siz	-0.6109842698822509	-0.6562082905252425	0.4370566543229783	0.6896116279302374	0.8960722856677185
gukh	-0.9227098895977988	-0.8986018772997445	0.9818595437623377	-0.5212241246836165	0.6605224721166163
Nipped-B	-0.24161238664091597	-0.29791390930068967	0.03903750019396427	0.9223922413817931	0.6423531620798253
Rip11	0.8611955494602402	0.8894300285201096	-0.7397087740300002	-0.3715135893946382	-0.9968302865865937
goe	-0.5846392694202589	-0.6310568285171286	0.4072633511594671	0.7130371886865207	0.8810005803593471
CG18659	-0.842329325178684	-0.8093891011248638	0.9343997513985123	-0.6606964006487379	0.521026391000873
CG6191	-0.8018367997544478	-0.7655420254992773	0.9066787146551946	-0.7124432797764435	0.4589608646269783
CG8740	0.5537263221346382	0.6014477853001416	-0.3726405607374785	-0.7388911980200814	-0.8625915654971752
drpr	0.995997298037108	0.9995188150441737	-0.9569524732324256	0.0629958475045859	-0.9344678582427228
Kank	0.7999184052138085	0.7634769559074692	-0.9053227198717949	0.7146876744325102	-0.4561122638495215
cindr	-0.9996077143816668	-0.9962620210987068	0.984381884000208	-0.1795721331368451	0.8862787041113301
obst-B	-0.7433953145594043	-0.7030326942843709	0.8639754920702475	-0.7740443143485406	0.3751836488750832
GV1	-0.9794127899113301	-0.9895369357755199	0.9178192651296199	0.05070242195565057	0.968844837560135
Ptpmeg2	0.06281242168609855	0.004374321932200573	-0.2646428029912639	0.9959808534683415	0.38082076256340075
Atf3	-0.3062651157604443	-0.36137915599763215	0.10608741327206982	0.8943556712814615	0.6923961026850954
Lnk	-0.3311420385138708	-0.3857246314506326	0.13214628271809223	0.8823074317752618	0.7110927782803538
seq	-0.8725360445759456	-0.8424906546252338	0.9537125785047679	-0.6154582483813138	0.5702678508100227
CG12206	-0.8587818051101537	-0.8872581533169918	0.7365175860769066	0.375900851548625	0.9964428330410885
Proc-R	0.899497403217183	0.8724231266781491	-0.9696016529838	0.5685308167406841	-0.6171222943082044
AdamTS-B	-0.9018491158589765	-0.9255591809291542	0.7950261759449436	0.28999872978979957	0.9999770722105426
pigs	-0.9403059350125177	-0.9188075474668491	0.989894059428992	-0.47925754460847314	0.6961284519962437
CG14431	-0.02980903045046794	0.028662089996449296	0.23264181456631255	-0.9924784974117673	-0.41115808306625123
mahe	0.9487033378895944	0.9286028126807102	-0.9931974091923989	0.45665138501629	-0.7142637495041994
CG12065	-0.7578431746757353	-0.7184152820459582	0.8747795477143806	-0.7600147248981586	0.395363312863117
CG12075	-0.2932337961695603	-0.23685564261158995	0.4816944840333575	-0.9894961942431466	-0.1552988847245738
CG7766	0.9636076821078221	0.9463366071031437	-0.9978470242502878	0.4106361257394118	-0.7490636045466555
CG15312	0.8488169906052452	0.8782656918599859	-0.7234343451460465	-0.3935704891361227	-0.9946470918218177
CG1578	0.04688814388679312	0.1051898459289192	0.1574168683287879	-0.980176544915798	-0.47981419241247353
NFAT	0.9974822408254882	0.9999219157519185	-0.9621651630405894	0.08147369230487063	-0.927711552863494
Pdcd4	0.07259382190361106	0.014177795810020176	-0.2740843237145866	0.9968110775019777	0.3717374087807401
Lsd-2	0.47446638763923593	0.42220672523320557	-0.6437107959958962	0.9421470426151441	-0.0408088272518496
CG9220	0.5959142604929388	0.5479605260415727	-0.7468971194057925	0.8842721540740703	-0.18381489268575263
CG6847	0.813233568699878	0.8458553915478746	-0.6777568353974462	-0.4516096766251959	-0.9859927273927033
Hayan	-0.7121995060699874	-0.6699541961653671	0.8401752284062797	-0.8020442951418121	0.33262807689526713
wgn	0.600764024768761	0.5530136716193187	-0.7509081766491302	0.8814294733713786	-0.18976118019049973
Pvf1	0.9382829149910235	0.9164642894680335	-0.9890407108375037	0.48442420543482284	-0.6918833277992303
CG7378	0.05435942056849706	-0.004093223474582403	-0.25646774089804913	0.9951867471437581	0.38863654652920276
kek5	-0.4071974097044998	-0.35312012717200575	0.5845806930876608	-0.9646081458155513	-0.03414749198384705
CG14200	0.6289245806440028	0.6732893764424814	-0.45750695874116715	-0.6728737988121528	-0.9059875068973524
Cyp6v1	0.23319604597037658	0.1759626506084277	-0.4262495494323623	0.9965721626358612	0.21644778519816446
CG17600	0.7972682389739622	0.7606257999619319	-0.9034437882397612	0.717760551490529	-0.4521893177586974
nAChRbeta3	0.9362050094563787	0.9140634758098267	-0.9881432516860854	0.48962926819040214	-0.6875681464469959
CG5001	0.9986885781164083	0.9999736451738528	-0.9673601561501064	0.10114780646160054	-0.9201557407785242
Wdr62	-0.571727576041855	-0.522798489702928	0.7267575792667058	-0.8977904687555367	0.15445162552285016
daw	-0.6705961441842733	-0.6260931360247084	0.807553275047592	-0.8351055266184905	0.2777724584647612
mxt	-0.4411392580609578	-0.49283698118665265	0.24923285411271576	0.8199869455913895	0.7897524344228162
Rchy1	0.33684533911651043	0.281238979553177	-0.5214455026197262	0.9818103218867175	0.10975162483867124
Tsp	0.2521685804801668	0.1951801628574724	-0.4438587746313547	0.9947637211609663	0.19731368512590516
CG13784	-0.2609359289929036	-0.3169112112771973	0.05897764654227529	0.9144975697958742	0.6575250796839005
CG33298	-0.9781663789528474	-0.9643477950891999	0.9999904538766166	-0.3540420322120788	0.7882190250605401
jp	-0.9729952005729245	-0.9578410774324174	0.9996095318410985	-0.37599119859746716	0.7734923456536463
Samuel	0.8360569090727704	0.8025616749571098	-0.9302288939340629	0.6693104646703759	-0.5111470210003297
Dlg5	0.520644389380492	0.46985461038511456	-0.683528066492033	0.9229714925560237	-0.09392928103323177
CG5953	-0.7733858634920584	-0.8091148943057495	0.6281592553797152	0.5090588743254711	0.9729564111361827
CG17549	-0.9011465527014586	-0.9249433521762088	0.7940404381298236	0.2915519477933829	0.9999867473978288
CG9265	-0.041399102959224866	-0.09972436389918307	-0.16284036589552606	0.9812503291160505	0.47498634845459115
CG8671	0.45686908762597983	0.5080779212580524	-0.2662423658474642	-0.8097838732906238	-0.800428582457252
scaf	-0.9757331811794326	-0.9868627638044936	0.9107370128905353	0.06815820303735859	0.9730274457784706
SCAP	-0.6532796391544823	-0.6964134457192335	0.4854942538683189	0.6490597488658938	0.9189641927445439
CG1360	0.2808178395283533	0.3364321267140516	-0.07958218597843662	-0.9059464555198893	-0.6729455286686676
CG14764	0.5060028573457036	0.5555495290259769	-0.3198437385973849	-0.7756294210333369	-0.8327641226762428
CG8170	0.8237974418285702	0.855521407809908	-0.6911635833816903	-0.4351261423436384	-0.9888931102059384
Mmp2	-0.5326641054492264	-0.581218078186467	0.34924533285316417	0.7555613651897882	0.849629773147079
Cyp49a1	-0.9313352088186795	-0.9084592268989445	0.9859622158404853	-0.5014504084188128	0.6776223865755819
exp	0.5309718189427275	0.48053751517117227	-0.692339814692688	0.918230714590435	-0.10600984276381722
Dh44-R2	0.8058549463969303	0.7698706712325182	-0.9095074615157877	0.7076867966917934	-0.464951972458102
CG17724	0.9724742672280671	0.957193332423328	-0.9995442457965585	0.37807162670382344	-0.7720667432040436
ckn	0.8410166306094107	0.8711988675628985	-0.7132890769586414	-0.40693514670293235	-0.9930344003337704
CG8180	-0.9892389830201425	-0.9960991197852742	0.9387486419834291	-0.005704576229249421	0.9533345310416061
CG8405	-0.265922843757261	-0.20912652210569532	0.4565742073237136	-0.9932075067573214	-0.1833336097561455
CG10936	-0.10820611172043633	-0.16612410921529241	-0.09641132559015772	0.9661430526204274	0.532842385651556
Magi	-0.9999542543971431	-0.9976858591163835	0.9809672570544907	-0.16139648126805942	0.8946707396334167
CG4266	0.20996262698724028	0.15246037136855578	-0.4045771818677311	0.9982602199347697	0.23964564725596763
CG10082	0.34340025146351966	0.2879212529740095	-0.5273806111406806	0.980463029823716	0.10282061801492322
Liprin-gamma	0.8517872610896864	0.8197119649898377	-0.9405911408732327	0.647233234961333	-0.5361333911566306
nahoda	0.3856781161023473	0.33109446615645227	-0.5654035147613269	0.9705236173709717	0.05756305535329934
Sesn	-0.19171020451630952	-0.1340204352124543	0.38746857911661164	-0.9991854845907284	-0.257692422496565
sona	0.10461248079054558	0.0463082062135427	-0.30485286581925125	0.9988608464901025	0.34170767151512
Eps-15	-0.29225677200798544	-0.3476515492295088	0.09147802141114891	0.9008268429661782	0.6817290244779932
Hipk	0.4745278290339006	0.4222699973105265	-0.6437642097168548	0.9421236435782289	-0.04087856838483515
Sf3b3	0.6642319737522242	0.6194064747974948	-0.8024833477460828	0.8397761453242557	-0.26955254194425454
Iml1	-0.9205459592273321	-0.9418034085321854	0.8217618899114685	0.24622182840921725	0.9986369986434884
CG12004	-0.6823538350270526	-0.7239128092675245	0.5192712812722168	0.6188502875650874	0.9336657403890188
spz5	0.35531714494692346	0.3000774716717736	-0.5381435948925826	0.9778820452043578	0.09016164579527405
CG2162	-0.928542972797214	-0.9052590246492053	0.984665860686635	-0.5080060050157502	0.6720182895490189
slow	-0.9419341305486061	-0.9599500320297729	0.8538641389336419	0.18877207698563067	0.9938363362431328
RhoGEF64C	0.9539530738243014	0.9698536142111952	-0.8729269707337466	-0.1515201778006328	-0.9889361713136032
frm	0.8687973678499525	0.8962528577769617	-0.7498191373323048	-0.3574046931847399	-0.9979212172551433
Pura	-0.36851967397755364	-0.4222224074812729	0.17158313922120183	0.8628290601372265	0.7385746635634988
CG13676	-0.6295072651510514	-0.6738434947345348	0.4581734619374231	0.6723190186741652	0.9063046007670468
PGRP-LC	-0.8084756332488292	-0.7726963111043974	0.9113439035826952	-0.7045432684681103	0.4688777531112773
Tat	-0.9440555713469183	-0.9231670265412827	0.9914190073657118	-0.4694057943794381	0.7041188184429407
CrzR	-0.9841839708541293	-0.9721478725400335	0.9996384745733747	-0.3246386578757954	0.8070679790169147
Ncc69	-0.9936306824817522	-0.9853460901296027	0.9957660081158979	-0.26235891177366005	0.8438043110785132
Wbp2	0.35268612399048177	0.4067737156543947	-0.1548350003797619	-0.87128561038555	-0.7270240688797516
CG17839	-0.8314626093727229	-0.7975697305688275	0.9271429831525507	-0.6754697848851775	0.5039773271770387
CG5151	-0.12537005246202934	-0.18314073973644604	-0.07919586359053321	0.9615400058281438	0.5473867267337067
CG9674	0.8905767748181805	0.8624711619172257	-0.9645126655757641	0.5848742419651098	-0.6012576670980739
MYPT-75D	-0.6860156097634929	-0.6423182708829807	0.8197522761716483	-0.8233780030228253	0.2978704514419096
CG3961	-0.5709980426480454	-0.6180033965834868	0.39194183090262136	0.724655874926254	0.8729701038667619
sNPF-R	-0.8011496702376509	-0.7648022447858317	0.9061934264016143	-0.7132491241030721	0.4579396906869803
barc	0.9967767668315758	0.9903839892673856	-0.9922389758793331	0.23075334680391654	-0.860854859934919
Syn1	0.8611736112467081	0.8299926790328768	-0.9466103544367281	0.6332634673983886	-0.5513957951738732
olf413	-0.8906756729612727	-0.8625812118752119	0.9645700666816642	-0.5846978210790139	0.6014314351567703
CG12581	-0.5115016586541157	-0.5608490090736059	0.3258888524451684	0.7715821016172911	0.8362832425012983
beta-Man	0.9075263483724618	0.8814278957257462	-0.9740162633076057	0.5530164545990157	-0.6317578024549519
CG17816	0.4373765785533048	0.3840695600314947	-0.6112658389809932	0.9552954136413625	0.0008582354717671033
CG16779	0.8362494219086704	0.8027710112223897	-0.9303576403641094	0.6690496490150319	-0.5114486571473713
mura	-0.994465341897653	-0.9866247149650647	0.9950320499794512	-0.2549536670802695	0.8478935228919727
CG8312	-0.9682934947168729	-0.9520375165069909	0.9988716193335107	-0.3940462731860495	0.760945533311896
PK2-R2	0.12937249200511874	0.18710629703041515	0.07517259476609593	-0.9604238221555701	-0.5507593298051733
foxo	-0.9819633511373103	-0.9692342569245049	0.9998910238091918	-0.3360847510216651	0.7998482768819462
Pde6	-0.9852905117607802	-0.9736184940780515	0.9994472980620825	-0.31861780513407845	0.8108062044698202
CG6040	-0.3674356643591151	-0.31244978900657544	0.5490523798651928	-0.9750811194862269	-0.0772103513125257
Hs6st	0.26270943304562544	0.20586713229345274	-0.4536073285933578	0.9935896823119601	0.18660802092382525
RhoGAP93B	0.24179284771749346	0.18466760168725654	-0.43423855224825136	0.9958009984310873	0.2077991746405322
CG11168	-0.9438539651025599	-0.9229320673474632	0.9913389785234837	-0.46994502348205214	0.703684976218574
Cad99C	0.9966792820051623	0.9902164096356888	-0.9923882277418684	0.2319267321869035	-0.8602405074898467
PH4alphaEFB	0.9996324231092278	0.999508161450625	-0.9731868178202866	0.1250972321239451	-0.9104510655735865
nyo	-0.8269373647005949	-0.7926598531311672	0.9240789546911969	-0.6814175558226774	0.4969681374280418
ABCD	-0.9596888818261379	-0.9416212207681426	0.9968078220065918	-0.4236250960567512	0.7395190655222778
CG11360	-0.8797583770246259	-0.9060410109617366	0.7645700680567706	0.33622175814190924	0.999122113368997
PIP4K	0.6529897118279323	0.6961386294874243	-0.48515949556462107	-0.6493509670129823	-0.9188131429256695
CG11155	-0.5138790590382804	-0.5631393725309757	0.32850544762590655	0.769817693886401	0.8377982782220286
Cals	-0.9843595692542783	-0.992973386224608	0.9278929772656743	0.024552447257003576	0.962032549096341
CG41099	0.6875250296906135	0.6439084630121487	-0.8209398093399178	0.8221977771413493	-0.29985213449480597
CG13375	0.6007640245968897	0.5530136714401923	-0.7509081765071471	0.8814294734729234	-0.18976117997941272
luna	0.7088207408665584	0.7488362985699911	-0.5504017139945755	-0.5894929054001012	-0.9462256875490637
tai	-0.5834053580991624	-0.6298769129110767	0.4058745695147376	0.7141021371912186	0.8802803866374362
dlp	0.6494783176778054	0.6928093555852055	-0.48110825604101315	-0.6528628657597202	-0.916977028072302
Gdap2	-0.2513794601938485	-0.30751909300429964	0.04910575951368324	0.9184527554446911	0.6500443503003153
CG30427	0.9323726184072886	0.9096505849931344	-0.9864355829367852	0.4989746143521813	-0.6797223040397488
vir-1	-0.7045887678217512	-0.6619100126107683	0.8342786667556737	-0.8084378972748408	0.32243985908776124
ham	-0.9878764111013535	-0.9952610163922394	0.9355961682790314	0.003332413933538113	0.9560239889113743
Haspin	-0.7130253109977874	-0.6708276150709738	0.8408130061891754	-0.8013406984786475	0.33373792157413823
CG30015	0.9910231385188157	0.9815153565246006	-0.9974885146928522	0.2827235549303405	-0.8322571846402792
metro	0.9487033378895944	0.9286028126807102	-0.9931974091923989	0.45665138501629	-0.7142637495041994
GEFmeso	0.9827875362828586	0.9919048295664785	-0.9246097830240088	-0.03326020839777535	-0.9643736670656539
CG30377	-0.8642335969163641	-0.833352534506089	0.9485437216543188	-0.628568844075694	0.5564336469755904
CG30440	0.08090385609473037	0.1390201009546544	0.12366989706090786	-0.9728549313754662	-0.509436619283838
CG31038	0.97949420186871	0.9895950992839392	-0.9179794542128484	-0.05029924817744848	-0.9687447776038214
Lerp	0.9876537350989474	0.9768096528263421	-0.9988635713448397	0.3049072829839267	-0.8191675104809775
LpR2	0.9257657859660904	0.9462815854632386	-0.8294242694414656	-0.23303746390532284	-0.9978361438438125
ClC-a	-0.7635134724426377	-0.7244642530822847	0.8789785956222839	-0.7543086241192353	0.4033717917741955
CG31140	-0.12151743952885403	-0.0632967036005442	0.32101234416967234	-0.999528120350268	-0.3256688637198024
CG31145	-0.7360012128789177	-0.695176187295	0.8583905994876052	-0.7809543170726059	0.3649758404659335
Nlg1	0.9472136858683687	0.9643324863291226	-0.8621260228124931	-0.17295151294834218	-0.9919245790875049
SKIP	-0.9933976489121729	-0.9984045497037878	0.9492496561147811	-0.037556515343651634	0.9432330630580547
CG31475	-0.5525791113759236	-0.5029219690455058	0.7106595455937805	-0.9077466465584398	0.13153567491941678
CG31522	0.397657497926921	0.3433514142547574	-0.5760941265256336	0.967303623136375	0.0445604328884528
CG31694	-0.5681294603963486	-0.6152558956276116	0.38872869634044893	0.7270564458052254	0.8712624664696089
CG32017	0.8158628612852672	0.7806719834244296	-0.9164831580315306	0.6955009627343172	-0.48002416042200663
Rbfox1	-0.44556022589049127	-0.49712258770424816	0.2540063655850768	0.817153876816921	0.7927683574915927
IRSp53	-0.7870297884418676	-0.7496281128832583	0.8961247849077082	-0.7293403242389562	0.4371630364186803
CG32085	-0.6059353535528921	-0.6513942589062923	0.4313254738791502	0.6942050099523204	0.8932299394620584
CG32091	-0.9811367041217276	-0.9907580399731675	0.9212479362999352	0.04198724105926592	0.9666471874087542
SCaMC	-0.9162988467408835	-0.8913250935434043	0.9786359529270097	-0.5350759311158748	0.6481872840518561
CG32264	-0.30079550887680184	-0.356020735751897	0.10037765067902493	0.8969089454684949	0.6882428885595481
Mrtf	-0.411775204299698	-0.46433241489027194	0.2176650565195344	0.8381348053358852	0.7694239528779037
zormin	0.9877414537772736	0.9951763414551826	-0.9352897238955925	-0.004199349526790901	-0.9562778936449803
CG32333	0.9641937587395678	0.9470456863029871	-0.9979889677316627	0.4086281289244729	-0.7505200439572345
CG32369	0.19496091503118304	0.13730302736785255	-0.3905208512068075	0.9990463019517922	0.25448968767382407
shep	0.8941677010852364	0.9188073954209025	-0.7843137299968069	-0.30666490944890434	-0.9999428632523527
Cda4	-0.9303050092684001	-0.9501519859406529	0.8361707150654915	0.2211684257056155	0.996960726705732
CG32982	-0.8696852102684086	-0.8970479467944205	0.7510061346159508	0.3557268903951879	0.9980353423541852
CG33111	-0.6267958193815101	-0.6712646197377025	0.45507322493562086	0.6748945549669313	0.9048263596772176
CG33143	0.9521770207258335	0.9326912974525831	-0.9944365524073823	0.4466818157412336	-0.7220397014352621
CG33144	-0.6648255051186143	-0.6200298404824771	0.8029570176810477	-0.8393446430097313	0.27031733143018166
Nipped-A	-0.8746736552484394	-0.8448488958998098	0.9550243339736989	-0.6119901568488395	0.5738707311478083
form3	0.7374852731995306	0.7756969596098846	-0.5845777549674737	-0.5554605494216389	-0.9588367206080837
Cadps	-0.5255984429283969	-0.5744220104601518	0.3414307500054502	0.7609898753807984	0.8452089318267348
CG40006	-0.8579544774048922	-0.8865131422283535	0.735425824011985	0.37739471107569417	0.9963056397202655
MFS17	0.9153742202577613	0.9373400985630828	-0.8142620015133704	-0.2588384758647369	-0.9992326522984128
Ctr1A	0.06438570751876868	0.0059507782893600935	-0.2661627441048364	0.9961208151764245	0.37936260176653586
CG6006	0.9999999585229468	0.9983073555806661	-0.9790064505747428	0.15166482492827546	-0.8990289026344231
RhoU	-0.12594761676054284	-0.06775159356420331	0.3252373359635787	-0.9996552946490218	-0.3214445307255076
Dgk	0.24680540881428958	0.18974540181466001	-0.43888912981591227	0.995314485708207	0.20274006187215313
Pvf3	-0.008882298056853222	0.049576716618718306	0.2122356052167454	-0.9896989282440196	-0.43014660378779496
nub	-0.9167059632759277	-0.8917860292423048	0.9788446896394443	-0.5342158820894317	0.648961920991705
Rgk3	0.6375018445024644	0.591382318088894	-0.7809785862396061	0.8583706652173387	-0.23548138284312978
spri	-0.13100566949938114	-0.1887241491087104	-0.07352995753350182	0.9599637046793777	0.5521334379390822
spin	-0.928542972797214	-0.9052590246492053	0.984665860686635	-0.5080060050157502	0.6720182895490189
mol	0.16756714200237566	0.10966094949381293	-0.3647284069784107	0.9998748503377707	0.28132652227860716
chinmo	-0.9192135216160578	-0.8946284660687688	0.9801185604320026	-0.5288612523092624	0.6537585616325446
CG41520	-0.9884078893327921	-0.9778448739492548	0.998618590816496	-0.30024692562335176	0.8219621366522777
5-HT2A	-0.7246690579096955	-0.6831552213509352	0.8497620320792694	-0.7912085456270376	0.349480362823994
rdo	-0.8865234729703652	-0.8579659473493249	0.962142202582962	-0.5920178590539058	0.5941743840447591
puc	0.15194950438800794	0.0939222812699308	-0.34995220722246595	1.0	0.2964727193887538
Cht10	-0.9013442690534381	-0.874490260911969	0.9706317426664772	-0.5650330769314301	0.6204573821147982
CG42268	-0.9799354087161145	-0.9666110612243929	0.9999906665030807	-0.3459016165063703	0.7935369808876868
Pde9	0.8006402121751033	0.7642538327207049	-0.9058333298305212	0.7138451947421994	-0.4571831855592583
bun	-0.39195858096688463	-0.44505799677503444	0.1964929578742703	0.8497423484217153	0.7554214899707034
CG42284	0.09965646663185034	0.04133092417262995	-0.3001041787351122	0.9986107164726313	0.3463855946469894
grh	0.5362782905906003	0.5846925057803493	-0.3532490651490403	-0.7527532186471997	-0.8518771812443675
Mob2	0.8892263480035899	0.9144434792426558	-0.7774942321024721	-0.3170379899812877	-0.9997665664285792
crb	-0.6221776657872529	-0.5753580104469276	0.7685047500471305	-0.8683251099228684	0.21626146002503455
CG42402	0.8687973678499525	0.8962528577769617	-0.7498191373323048	-0.3574046931847399	-0.9979212172551433
kuz	-0.2355510533835569	-0.17834681601994865	0.4284396877937191	-0.9963688315153181	-0.2140820968755384
serp	-0.8989027455474042	-0.9229741984828111	0.790900441853774	0.2964727193887538	1.0
ctrip	-0.8287426371223945	-0.8600341606031424	0.6974818557950854	0.4272046034052797	0.9901598773225503
Gprk1	-0.9866008622351099	-0.9944499640475514	0.9327372390753851	0.011344504335065628	0.9583432001883256
p120ctn	-0.9255726228247131	-0.9018644554719446	0.98325278414051	-0.5148145419380933	0.6661299605600721
dnr1	0.5304111306915752	0.5790515862164073	-0.346751747583262	-0.7573010923583481	-0.8482240243080689
scny	0.4850704303762802	0.5353509236082307	-0.2969185061893251	-0.790614696104322	-0.8191808357762457
Ubr3	0.05365857442517694	-0.004795087102752504	-0.2557892828208606	0.9951177210771296	0.38928314807938624
vtd	-0.9109313013336356	-0.8852616965762405	0.9758361370529762	-0.5461831155568513	0.6380770661640213
CG42598	-0.7637074046608396	-0.7246712586420061	0.8791217835037393	-0.7541114012040445	0.4036466090306677
Cad86C	0.8218768403269963	0.8537666250943496	-0.6887171351230459	-0.4381666326835853	-0.9883851434300416
Xrp1	0.9336440982211288	0.9529836179482688	-0.8411873153855672	-0.21217592727783705	-0.996200823745208
rgn	-0.008882297738502439	0.0495767169366901	0.21223560490563487	-0.9896989281984413	-0.43014660407520033
plx	-0.4373677337063599	-0.4891796837713236	0.24516492728629483	0.8223827007368616	0.7871701842226271
verm	0.9761259615381838	0.987152142062998	-0.9114793451310368	-0.06636123202649839	-0.9726103848150576
sxc	0.8858754811820416	0.9114756454466694	-0.7728994952421634	-0.3239277926549324	-0.9995829730199317
CG42663	0.7901356006868252	0.7529614020862733	-0.8983548652608166	0.7258755818657168	-0.44169996779794934
ps	0.13250334014770587	0.1902076252819115	0.07202312227333159	-0.9595393855587016	-0.5533924803070949
CG42673	0.8870264993288809	0.8585245203015653	-0.962438254242545	0.5911403981403737	-0.595049413548947
CG42674	-0.5532396171308418	-0.5036069619586175	0.7112170113676458	-0.9074138111892819	0.13232144053783246
Lmpt	-0.18262155833424382	-0.12484611399930734	0.3789226866359893	-0.9995160666680584	-0.2666209751585454
pdm3	0.3258162894020645	0.27000241509983125	-0.5114357054027717	0.9839625977214447	0.12136266324758661
larp	-0.9984483531827376	-0.999996177269651	0.966211300353521	-0.09667473943927403	0.92190651185236
gce	-0.13278716957867504	-0.19048874949049496	-0.07173750318282579	0.9594587146082155	0.5536309726207623
CG42747	0.008791807360784195	-0.04966709936619477	-0.21214717171009664	0.9896859686439415	0.4302282965110597
aPKC	-0.5154259529809974	-0.5646293536614126	0.3302089555589607	0.7686649043557546	0.8387819553942518
mid	-0.33416759579246985	-0.38868264015518234	0.13532573592833164	0.8807928435488735	0.7133448468222673
Gprk2	-0.7743573490755945	-0.8100153410392202	0.629352022685481	0.5077379968595394	0.9733095808300873
d	-0.7903020874124149	-0.8247620809110179	0.6490402412008665	0.4855166716823649	0.9788657477341969
RanBPM	-0.9762415655418694	-0.9872371458745103	0.911698410425866	0.0658295251835194	0.972486385161985
uex	0.7048347885302902	0.6621698948100265	-0.8344697977134257	0.8082337549154167	-0.3227680747960676
magu	-0.7376499193550835	-0.7758508136613392	0.5847755591697954	0.5552577848701318	0.9589059271736158
CG43102	0.5799274300956737	0.626550286233181	-0.4019632277319728	-0.7170887364572872	-0.8782437458543485
Sarm	-0.031885975450270956	0.026584949057175542	0.23466223176509635	-0.9927307333712034	-0.40926302659491415
cic	-0.44736401177897317	-0.49887068859280337	0.2559555820519398	0.8159902426826487	0.793995452043498
Myc	-0.9682781953415662	-0.9520187778126575	0.9988687092671396	-0.3941025533908206	0.7609058013479681
fzr	0.9943369686708919	0.9864259548617133	-0.9951522611579998	0.2561281911678516	-0.8472488193982657
Skeletor	-0.4084620737347723	-0.35441564436440465	0.5857039018319733	-0.9642419906128658	-0.03276318106834213
norpA	-0.9997124881896509	-0.9966021259823847	0.983664265460573	-0.17560531807681448	0.8881384148273556
axo	-0.7864997927426383	-0.7490595401889687	0.8957433899367462	-0.7299274922949838	0.43639063304377473
milt	0.99652212125296	0.999688866875592	-0.9586987285177668	0.0690599954407433	-0.9322867642349698
cnc	-0.9966876024693749	-0.9902306719810229	0.9923756310064197	-0.23182727222034258	0.8602926374024235
chas	0.8058549462232552	0.769870671045325	-0.9095074613938607	0.7076867968990272	-0.4649519721984204
CG31688	-0.7764490211740694	-0.81195332113926	0.6319227084268624	0.5048815350878219	0.9740644255660134
Nha2	-0.6135057686708723	-0.6586113629818882	0.43992279158543673	0.68729866091778	0.8974833841594504
hppy	0.06362374622965353	0.12184270764668963	0.14084310059327032	-0.9767181439939795	-0.49445206320633966
mld	-0.9682781953680978	-0.9520187778451524	0.9988687092721888	-0.39410255329323435	0.7609058014168639
Myo10A	-0.4397385549602149	-0.49147883461266556	0.24772160408670463	0.8208789671156557	0.7887944184819171
CG17684	-0.6268617828958973	-0.5802530360275375	0.7723283996061372	-0.8653347551181718	0.22211315236911694
esn	0.4231933833933643	0.47542446256458193	-0.22991202152420726	-0.8312146605787968	-0.7773892274092962
spoon	-0.9647544473999771	-0.9477250563838545	0.998121254913453	-0.40669008369157256	0.7519209427219772
CG43759	-0.09941578173864045	-0.15740242999814705	-0.10520438540482435	0.9683855838325601	0.5253427343038253
Sema2b	-0.5515110646380575	-0.5993221635634703	0.3701726978866594	0.740679604636181	0.8612438407749352
SNF4Agamma	0.3007338684276566	0.24447922910911438	-0.48856273593887456	0.9883302498436727	0.1475349970867479
CG17646	-0.023048839658304687	-0.08144004889809425	-0.1809268974360643	0.9846234229972903	0.4587504770262388
Hph	-0.012648538568257822	-0.07106837779609763	-0.1911472608016693	0.9863872515416165	0.4494829660961198
CG44085	-0.6696479675635971	-0.7119099455443378	0.5044587381665776	0.6323021950646306	0.9273517243978276
Src42A	-0.12914918951024681	-0.07097175680222538	0.3282880799139695	-0.9997348340055701	-0.3183862343316145
Irk1	-0.5681294602043131	-0.6152558954436529	0.3887286961254484	0.7270564459654406	0.8712624663550752
Cdep	0.25272461166010624	0.19574372213009436	-0.4443736374142944	0.9947048275236505	0.19675030642271016
Meltrin	-0.3338566117602816	-0.2781931815689454	0.5187358937821822	-0.9824077126097626	-0.11290433712234221
Gyg	-0.7821525738329695	-0.8172325588078347	0.6389506420515282	0.4970041321674438	0.9760835293599293
Trpm	-0.1470815157630299	-0.20464058749623762	-0.05733120118794828	0.9552899535599911	0.5655950525171657
tn	-0.999980956839705	-0.9986322463122951	0.9777903037823059	-0.1458468891133402	0.9015896076523243
mbl	0.3940227524566643	0.33963131138291613	-0.5728543827285539	0.9682998874658929	0.0485141864068304
Smr	-0.9998192522489678	-0.9969989364712768	0.9827580293719079	-0.17071345126763895	0.8904101200579173
CG44422	-0.8813784985343126	-0.8522612531465394	0.9590848740983633	-0.600850290965856	0.5852876157620199
rdgC	-0.06468771003541789	-0.006253406061279176	0.26645444875916907	-0.9961474001334414	-0.3790825734181361
rudhira	0.9835900844000826	0.9924534170170742	-0.9262752074883992	-0.028866708677064822	-0.9632015189599469
Pde8	-0.7343391095277015	-0.693411571957701	0.8571302002878305	-0.7824834002106109	0.3626919784268124
CG45050	-0.8428479878421433	-0.8728600813852103	0.715663741712532	0.403832502931444	0.9934285814810028
sima	-0.9996168803064728	-0.9995257929572195	0.9730561585134284	-0.12453430577294482	0.9106855899645995
Gp210	0.8678193214055201	0.8372951294383248	-0.9507901783653354	0.6229749648958174	-0.5623781360571523
Svil	-0.9665981089662872	-0.9499662078302613	0.9985310265446039	-0.40019494002525463	0.7565816704423568
mamo	0.14717296115883227	0.204731081579831	0.05723890151364752	-0.9552626142891109	-0.5656712932843934
HnRNP-K	-0.9994350453205938	-0.9996909127542294	0.9716708915725562	-0.11864454677492861	0.9131207943682217
Frl	0.6358576973610643	0.5896616416746406	-0.7796451718094431	0.8594625615345713	-0.23340867420828584
ap	0.9192282662509528	0.8946451973584626	-0.9801259897912838	0.5288294699936418	-0.6537868977647119
InR	0.43861440243897576	0.3853405160406385	-0.6123549924463259	0.9548874162635383	-0.0005186893047594527
CG46315	-0.7401926972082404	-0.6996285063037727	0.8615609869221442	-0.7770590412946872	0.37075266834709864
CG46319	0.9359985843437058	0.9138252940966773	-0.9880529740258	0.4901409083625704	-0.6871418779893852
Ttd14	-0.7764068629681511	-0.7382450187515229	0.8884348907072412	-0.7408885538102338	0.42177923477516227
RpL27A	-0.8922343102786617	-0.8643164105873585	0.9654718938859985	-0.5819037506717761	0.6041760853189315
cv-c	0.8165029267566518	0.8488505349816804	-0.6818932789919221	-0.446570141387965	-0.9869177775328649
CG46339	0.8745685968332184	0.9014142149799016	-0.7575591564593557	-0.3463809945081781	-0.9986109748558932
stw	1.0	0.998290563474181	-0.9790651163728182	0.15194950438800794	-0.8989027455474042
Pld	-0.7187499283067523	-0.7581570392744817	0.5621829284310293	0.5779817061819618	0.9507170126229869
