	cv-c	loco	luna	CG6191	larp	Skeletor	puc	vtd	CG9674	bol	CanA1	Wdr62
a	-0.5865973213951996	-0.3062503959418763	-0.7134107519258976	-0.5883778894171107	0.06704631805581192	-0.9080670559025811	0.9865947458863316	-0.40216314205187287	0.4446669500916325	-0.6218685053027893	0.6992086262163769	-0.8138829844833602
Argk	-0.9940419002394882	-0.9787783776719111	-0.9619572018603889	0.4115095484711308	0.9002126646849453	-0.0853804867008785	0.34638306037218847	0.5966199842545745	-0.5583193329730423	0.3728091392678892	-0.2752704828946465	0.10217823922622671
Bsg25D	-0.47619322939639264	-0.7256095251166864	-0.3229244848533772	0.9835873276155976	0.8704298419950929	0.7705959157830579	-0.5741351781220504	0.9994306362540667	-0.9999131778921796	0.9751273294872513	-0.947117742099013	0.8760539228653129
cact	-0.8831077866074215	-0.6938676185035328	-0.948968240582337	-0.1725882493170474	0.4992137838760493	-0.6311625002869616	0.8141589247638553	0.04170417299989506	0.005207851359064695	-0.21386705385822638	0.31332795366854177	-0.47521608365512924
crc	0.19843064448823303	0.49284442743805273	0.03224827914064268	-0.9933789803845444	-0.688566746242499	-0.9232055147894925	0.7883432902785922	-0.9459416287677664	0.9601140453493964	-0.9973321232064948	0.9995469978959511	-0.9787309044113423
cv-2	0.5721079401185218	0.28927978611337213	0.7008413132194143	0.6026586318862319	-0.049299368349225846	0.915368748956125	-0.9893397663487749	0.418375057548287	-0.4605188971186712	0.6356912914917208	-0.7118067733823751	0.8240829557287864
CycA	0.028983705422838138	0.33780803434837453	-0.13807232116284146	-0.9594064323171688	-0.5553153120243725	-0.975085995346738	0.8814294733461682	-0.8770645751472842	0.8986319566984845	-0.9704201638840626	0.9901226081630573	-0.9993575827656905
dnc	-0.6547706836952875	-0.3878334450708613	-0.7716185435336168	-0.5158701104042672	0.15351541640958005	-0.8682268252270462	0.968676740122984	-0.3210614044742418	0.36513159992823	-0.5514473049270897	0.634422910058216	-0.7603006840351998
Pka-C3	-0.7498321077815936	-0.918158562621733	-0.6290306927224543	0.861330196632994	0.9867069284840082	0.5040553532347178	-0.25713825048573347	0.9499435527915182	-0.9342431791850102	0.83919810574104	-0.778732859446149	0.656469724114144
dpp	-0.9962577952314094	-0.9738803080450259	-0.9679044832161249	0.3907383706830364	0.8901077381362399	-0.10794993096555715	0.36756451189950656	0.5782700172687464	-0.5393646913278186	0.35167372796096574	-0.25340149745851215	0.07959645266698344
ed	-0.9993895547116557	-0.9608738685727249	-0.9795777784740185	0.3427448113081833	0.8654185172521194	-0.159078463191205	0.4150386755694758	0.5354243913660266	-0.4952182289294392	0.30292653254821816	-0.2031739988953495	0.02808058871436258
egl	-0.18471859055331935	0.1294494823434921	-0.345984710585446	-0.8772565274182837	-0.3653127767996143	-0.999960264644585	0.9618411131210108	-0.7545339554598937	0.7844866007825467	-0.8966711653687044	0.9374931302539288	-0.9840352650303216
Eip74EF	-0.818118308900684	-0.5992243113805388	-0.9025406634030014	-0.2933901023024033	0.3879228009089603	-0.7224680896480894	0.879872353547256	-0.08250416937785059	0.1291603632031626	-0.33334212159766946	0.428660620203635	-0.5806476318622399
for	0.9990395310433008	0.9632980040769442	0.9777518314558528	-0.3510817335201935	-0.8698380953832074	0.15029649489198565	-0.40693514668267394	-0.5429106326636648	0.5029210400925713	-0.3113857864663357	0.2118694487969507	-0.036964849176140104
ft	0.9652346949516315	0.9986924947970315	0.9081472990949216	-0.5474806678571232	-0.9567155304388566	-0.06969980239052076	-0.1971713541588319	-0.7135299596453729	0.6798803984672473	-0.5117972589387845	0.42060490502728864	-0.25475835072368763
ftz-f1	-0.37619555376993485	-0.07003012346106276	-0.5254035844621616	-0.7644678380884533	-0.17318982342821126	-0.981817429592234	0.9970183539122672	-0.609192881408356	0.645720551035129	-0.7909075073613944	0.8497200684825347	-0.9290987028015082
fz	0.7790102506935621	0.5459197238248088	0.8726429544354937	0.3549087565813087	-0.327192915383126	0.7658812380695276	-0.9089001181270548	0.1471076307600903	-0.19334230776120825	0.39391914849530113	-0.486478972438838	0.6323394279924042
klar	-0.4161024749856293	-0.677791087279509	-0.25867695984596273	0.9934793364849271	0.8354269623358307	0.8116324838258607	-0.6277918491556362	0.9949126788542778	-0.9985429966078361	0.9878044082358799	-0.9665185356047886	0.9064424226482827
crp	0.8610709443452346	0.9763697989540108	0.7642447714017007	-0.7501694887847364	-0.9996533842358454	-0.33228392765755743	0.07043753675725938	-0.8740569993309847	0.8503064109764746	-0.721691764919713	0.6465700917028385	-0.5025670591120603
sas	0.8463349530744243	0.6392073797420765	0.9232936337431529	0.24433686641386965	-0.4343460536039337	0.6863294441182587	-0.8545367214522461	0.031657463173014905	-0.07850603382875242	0.2849084580396743	-0.3821062820258467	0.5384432747977718
robo2	-0.6083475782244863	-0.8246460735948004	-0.46751215726181483	0.9430601385080537	0.9369266802894639	0.6609764307588094	-0.4384659313777085	0.9923329985379485	-0.9854433360012709	0.9282344987153843	-0.8849910671597474	0.7894795933852261
mam	-0.9327137256327445	-0.9985782524417899	-0.8595373307521978	0.6317619758111601	0.981848233214256	0.17334970762564236	0.09385993195510126	0.7827031478036389	-0.7526469517290393	0.5985973913423737	-0.5129222193246983	0.3542119981633395
nkd	0.8411356217706651	0.6317279948051693	0.9195297089987414	0.25371848983034656	-0.4256004304908621	0.6933422814162512	-0.859527806696817	0.04133780916077887	-0.08815914039488469	0.29418031009460555	-0.3910399997671791	0.5465806128732005
pk	0.15919793348646893	-0.15509253031004633	0.32156401331195733	0.8893968418851266	0.3893042439443142	0.9993937750740266	-0.9544306618231463	0.7712808305507723	-0.8002878791258554	0.9078380903632295	-0.9461933752998817	0.988315353353406
pnt	0.9639500374721447	0.8337524741090144	0.9948203151325451	-0.04555077816497043	-0.6755529960312889	0.4475535706652771	-0.6685489769293331	-0.2577951886991519	0.2121899698925703	-0.00349138339400638	-0.0995071913244752	0.2726884792976162
Ppn	-0.8976202176698287	-0.7164783933792824	-0.9585426255463542	-0.14108955367189235	0.52659141779627	-0.606106421380633	0.7952284888670175	0.07354466743745754	-0.026683813719913557	-0.18260666603328213	0.28288494067205305	-0.4469158484183988
pum	-0.7670236019177341	-0.9282903778900672	-0.6493175314459493	0.8476292802942331	0.9906502730361337	0.4810980688738008	-0.2315577795961058	0.9413719652852974	-0.9245107519280115	0.8245610796005288	-0.7619135256461699	0.6363430180971368
put	0.8425083331617337	0.6336974259308992	0.9205262703636076	0.2512576744471684	-0.42790043660851307	0.6915073780281602	-0.8582252185318178	0.03879663570460775	-0.08562554389974815	0.29174868244309143	-0.3886980282467684	0.5444491416323418
pwn	-0.6471075963935564	-0.8517853450906933	-0.5109433859946471	0.9253303598472006	0.9531665958087369	0.622796259824724	-0.3931762494524418	0.9849490489104261	-0.9757572554224154	0.9085628282310277	-0.8607123467815981	0.7579424458117721
px	0.6078359044346788	0.33134911074180395	0.7317152203618491	0.5667615723499758	-0.09344157934034815	0.8966588865630643	-0.9819278450076667	0.3777794092527016	-0.42079449360193605	0.6009147014813844	-0.6800336350218816	0.7982129430608329
raw	-0.2662801560198762	-0.552308655432987	-0.10185226388018807	0.9989713060898361	0.7374493782825574	0.8941657052557253	-0.7435315695234942	0.9662522127674655	-0.9772717490274365	0.9999945972551325	-0.9950165010120468	0.9620466737975533
rl	-0.10398618492552496	0.20985316953635905	-0.26834740026850784	-0.9134683252525191	-0.43998304516174186	-0.9959053483604497	0.9363350906758543	-0.8055213092073003	0.832430131633122	-0.9297756228396279	0.9627422675964783	-0.9952685569069112
rst	-0.0703468796435428	0.24274477744586437	-0.2356697031835569	-0.9266860457297309	-0.47005162647555915	-0.9922852975007773	0.9239467851688546	-0.8250689207995775	0.8506646580443392	-0.9416746096410147	0.9713236027910421	-0.997981613987452
S	0.7895454342050424	0.9410317832218072	0.6761801163850686	-0.8280510555926293	-0.9949064463846078	-0.449341598213442	0.1965127588274037	-0.9286643364260891	0.9102433475031269	-0.8037356172670201	0.7381903436741932	-0.6082624305212111
Scr	-0.5932857416763686	-0.3141252748290277	-0.7191908327545656	-0.5816598658076891	0.075308773644453	-0.9045666108652384	0.9852091350129263	-0.3945653334764381	0.4372322912149244	-0.6153602644458898	0.6932626925611907	-0.8090421709080868
Sh	0.023866994866777385	0.33298601775776754	-0.14313996967337234	-0.9579503140286155	-0.551051304498455	-0.976208640501092	0.8838354659001769	-0.87459430844268	0.8963746903266293	-0.9691717365683531	0.9893920054171639	-0.999527932051474
so	0.1345499834248542	0.43546844743477386	-0.0325375477218511	-0.9838553616884341	-0.6401654429644127	-0.9461526304727961	0.8265265025683551	-0.9229550656171003	0.9399939743113459	-0.9905123982263851	0.9993981499156445	-0.9899606643273261
sr	-0.6733160896709756	-0.410575847769642	-0.7871580321283873	-0.4944634427178369	0.17797724531467657	-0.8556532458651844	0.9622195083665257	-0.2974726803932966	0.3419287084540297	-0.5305866967342338	0.6150553076928493	-0.7439554227036294
Btk29A	0.04301590735157224	0.350990294181447	-0.12415223436776812	-0.9632717858475455	-0.5669375902366257	-0.9718752060094823	0.8747108184826613	-0.8837230048605841	0.9047031852823164	-0.9737143004678037	0.9919936041901452	-0.9987558554743797
ptc	0.9790766518318831	0.9938816313021871	0.9314474636362778	-0.4967214347737373	-0.9377051222318742	-0.010222661946056548	-0.25515239602771245	-0.6705798507005096	0.6350444080066061	-0.45977514722527485	0.36588023810328574	-0.19677182521398986
vn	-0.6282764587953114	-0.8387236458485158	-0.48977638797859074	0.9343228875572746	0.9454880908117349	0.641736449322549	-0.41553612318376143	0.9888800951226285	-0.9808158346616102	0.9185036567337888	-0.8729004733221061	0.7736627099495615
yrt	-0.9293359411383902	-0.9980420883046839	-0.8547700862314983	0.6389097161494498	0.9835617190102036	0.18245802121141738	0.08464090212371496	0.788430428627019	-0.7587090007916755	0.605986164590852	-0.5208458111454232	0.3628525920857116
Tm2	-0.023689369889867622	-0.33281847690047434	0.1433158130077589	0.957899317825366	0.5509030309235353	0.9762471509991723	-0.8839185680395414	0.8745081478450291	-0.8962959132525224	0.9691279445555614	-0.9893661788692463	0.9995333750200718
Ser	0.0667150989719028	0.37311477284167677	-0.10056760806590019	-0.9693735144183324	-0.5863284398222989	-0.9660123516449941	0.8629622167190166	-0.8945815010076656	0.9145597364191619	-0.9788458259623147	0.9947114163136206	-0.9972910192016784
ct	0.5973574469722495	0.31893226358324533	0.7227025839753687	0.5775303033474265	-0.08036094904398561	0.9023945431806798	-0.9843281315395432	0.3899038740520376	-0.4326691985298941	0.6113579007572304	-0.6896016962575132	0.8060533373322759
T48	-0.9860865957935676	-0.8857880506069857	-0.9999998775469033	0.14734793172979702	0.747329808009376	-0.3538721329880138	0.589093082268257	0.3551358788623483	-0.31089568267832973	0.10561390998142205	-0.0026477079075288164	-0.1729917950159706
Ptp4E	0.28827793702082927	0.5712493665933128	0.12460065995026635	-0.999747646136043	-0.7527188544163522	-0.8836807991213598	0.7280273470946432	-0.9718964376078332	0.981868941218461	-0.9998077500961913	0.9924729168059374	-0.9555470464411727
fwd	-0.9399891108586984	-0.9994687111181662	-0.8699474731428958	0.6155566114022842	0.9777052913456014	0.1528956898860538	0.11447886320682067	0.7696323052529824	-0.7388356626209261	0.5818624881185827	-0.4950161003217356	0.3347493246048261
mew	-0.8608320139178623	-0.9762681859832156	-0.7639417650697258	0.7504799932410565	0.9996656397668888	0.33272690258513077	-0.07090606256978488	0.8742850942692398	-0.8505535147502892	0.7220168186466597	-0.6469283333520136	0.5029730774776899
zfh1	-0.9291346153500655	-0.7684824543206462	-0.9777741202263537	-0.0637934596288748	0.5910106222574498	-0.5425175147317771	0.7457495852750295	0.15075920539864338	-0.10422245341432607	-0.10571406506031052	0.20755561653228027	-0.37610556925823296
zfh2	-0.7974438178380855	-0.5707735638997321	-0.8868809289680831	-0.3267429208444266	0.35535388516330807	-0.7462758845983456	0.8959998394940122	-0.11741081778134821	0.16386407246022083	-0.3662077981149272	0.4600876973388716	-0.6088484290224768
retn	-0.9705874507190061	-0.9973757788797987	-0.9168655663317322	0.5295172756925781	0.950294164292083	0.048418182820723105	0.21802568703033423	0.6984321576881551	-0.6640931932518289	0.4933668499857133	-0.40116903882523247	0.23408621344971756
Ac76E	-0.727210431298982	-0.904347527420609	-0.6025932190732538	0.8778915751691512	0.9806986993887054	0.5327501396462568	-0.28941804760596906	0.9598913040094921	-0.9456833091997277	0.8569724744130146	-0.7993439335117263	0.6814107346284397
cdi	-0.7193849677595157	-0.8994527969062931	-0.5935106708515436	0.883261857769387	0.978419944070087	0.5423062799953594	-0.30024692560470134	0.9630069743350737	-0.9493066447941735	0.8627577659690076	-0.806101982232872	0.6896612199726849
bowl	0.03686580278302192	0.34522024461842976	-0.1302572495394509	-0.9616007510661382	-0.5618566146421798	-0.9733062742816646	0.8776772345548978	-0.8808256679562816	0.9020637627635976	-0.9722939174946374	0.9911975120142713	-0.9990438691093283
Mbs	0.9835047540585454	0.9910733503233929	0.939583058772155	-0.47659510197587845	-0.9294522773551286	0.012816377442653765	-0.27735968623497065	-0.6533117789833416	0.6170799372087175	-0.43919498181833594	0.34434298131737556	-0.17413247168459178
ple	-0.9714937717998056	-0.8499304850937126	-0.9974205380189054	0.07547856858891712	0.6973534881733039	-0.4205431266771809	0.6459537647952821	0.2866453812606769	-0.24139129932240733	0.0334690139286888	0.06963187437360221	-0.24372267516094062
faf	0.8390671164356658	0.9664848104769638	0.7366231472192548	-0.7771499536973064	-0.999880251389162	-0.3714125802494637	0.11206591167346736	-0.8935976709381617	0.8715589993993268	-0.7499914203431203	0.6778876937711018	-0.5382602208091193
Rox8	-0.9502979316740049	-0.8067269633349741	-0.9889048299241315	-0.00171078245531739	0.639953026369003	-0.4893158297130741	0.70294750944269	0.21184481725888335	-0.16576933577606276	-0.04377194792320441	0.1464211663072017	-0.31785247426668106
bt	0.8325647451117201	0.6195132842707196	0.9132634090334562	0.26883221296824084	-0.4113799242889087	0.7045399692709103	-0.8674246450590345	0.056976514631972404	-0.10374452712128099	0.3091085751278275	-0.4054025001302458	0.5596250166827327
dac	-0.9270524963414368	-0.9976394591327175	-0.8515689188478706	0.6436186580421692	0.9846513443126139	0.1884884282880153	0.07852447189432397	0.7921905104268306	-0.7626924455765001	0.6108564719962001	-0.5260747371488609	0.3685643696363476
CanA1	0.16884273107712336	0.46643368270741453	0.002152829354812441	-0.9894713892183683	-0.6664296595710525	-0.9343535828981989	0.8065026044465714	-0.9357517109302487	0.9512638701701616	-0.994683360570506	1.0	-0.9844617813848925
Galphaf	0.9995062266898863	0.9403883909795091	0.9907559321725677	-0.2796865018855258	-0.8302831233207091	0.22420454967095707	-0.4744638691866163	-0.47823209554336515	0.43651045330362603	-0.23905489607330122	0.13778910256520688	0.03827593752653959
Parp	-0.18919269808139952	-0.4846292078558331	-0.02283535238749977	0.9922531510414818	0.6817077036521513	0.9267833670323479	-0.7941016401758799	0.9428456058524403	-0.9574385727136404	0.9966005329316672	-0.9997860832240268	0.9806192693080458
hep	0.8793427574388024	0.6881098758435396	0.9464261517178602	0.1804284086566006	-0.4922963058517398	0.6373206588629121	-0.8187580043053719	-0.03374462075684439	-0.013172737093993206	0.22164113677501918	-0.3208820873992655	0.4822093060948669
CycE	-0.9704664073653083	-0.9974120167155194	-0.916664946434596	0.5299432841513732	0.9504504279589232	0.04891985766790512	0.21753547258294276	0.6987915323382154	-0.664468631582796	0.4938036729501425	-0.40162906960968264	0.23457449881373504
Cyp18a1	-0.3191035622735409	-0.009184030146098457	-0.47264170614885564	-0.8022882761962976	-0.23281463719003875	-0.9915510962074034	0.9904731604003709	-0.6563312515261062	0.6909988081112324	-0.8266870253483861	0.8802351246313106	-0.9498861917447288
cora	-0.14679769557576558	-0.44657109536693923	0.020171113170976918	0.9859939705436022	0.6496199319152319	0.9420756459145312	-0.8194999344026307	0.9276459422801245	-0.9441427503766647	0.9921366020730712	-0.9997508005663504	0.988136430431659
l(2)01289	0.6383136030362145	0.36785964592278925	0.7577173476394695	0.534230083560396	-0.13216340081534983	0.8787281122321	-0.9738081965656754	0.3414166371166728	-0.385129214918941	0.5693145548959033	-0.6509501360520513	0.7741363128112893
simj	-0.2821934248927176	0.02951531059401359	-0.4381883940172647	-0.8247853733878757	-0.2702711076946864	-0.9958277971385225	0.9844029924634011	-0.6850333711925465	0.7184515757835016	-0.8478396199583904	0.8979377299291683	-0.9612704418940117
Gug	-0.9853526363044885	-0.989616490141725	-0.9431311607322853	0.4673233386969738	0.9255208486800718	-0.023331430939242302	0.28744836624586934	0.6453136283928574	-0.6087702739540002	0.42972264355106293	-0.3344504682954389	0.1637668864504224
bol	-0.2694472025114674	-0.5550459835574438	-0.10512178484456235	0.9991149712670725	0.7396655538918837	0.8926890911256264	-0.7413294217432863	0.9670937593140523	-0.9779633167114301	1.0	-0.994683360570506	0.9611444579565321
heph	0.4047978987215942	0.1009860740289604	0.5515826133541825	0.7440717757787204	0.14250966345438446	0.9754463504077642	-0.9989343302215522	0.5842628029846444	-0.6216876827278793	0.7715153550728756	-0.832930871312937	0.9171610543003962
Elk	-0.6797503766047158	-0.8738286371093443	-0.5479567191159409	0.9079089446676708	0.9654530707686841	0.588072721698332	-0.3526913794358503	0.9764712295389631	-0.9652810208043576	0.8894740873799915	-0.8376844037956165	0.728764092136584
fng	0.9936441129933639	0.9795078759963212	0.9609700262575942	-0.41477946062059157	-0.9017704247650655	0.08180236835232778	-0.3430124354411487	-0.5994977442977104	0.5612946553959933	-0.3761385564476456	0.27872066858564437	-0.10574946689883376
Mef2	-0.6937657812510442	-0.4359606942134117	-0.80412814234761	-0.46991761760009154	0.20547640051675053	-0.8408175454020355	0.9542136671735191	-0.27060789255951195	0.31546683902127215	-0.5066309408554681	0.5927234673565902	-0.7249420780685493
msi	-0.6331904703689827	-0.8421552284287238	-0.4952875301705352	0.932047081699214	0.9475313484861294	0.6368670419182879	-0.40976791353971065	0.9879185325115291	-0.9795617360894225	0.9159812979348609	-0.8697933640315186	0.769634951826905
wts	-0.5262221143924244	-0.23629625096406098	-0.66062745403186	-0.645555590259929	-0.005602599102141646	-0.9360899095881887	0.9958420362186774	-0.467603376605495	0.5085515033884643	-0.6771081291562777	0.7492899470446251	-0.8539363486856334
PhKgamma	0.7799901248204218	0.9357039890570054	0.6647412721583786	-0.8365963840251728	-0.9932340954851722	-0.46306138280708503	0.21160607485570898	-0.9342725613816264	0.9165190565337772	-0.812813171415295	0.7485029950172075	-0.6204273941893326
Pxn	-0.9856535052517126	-0.9893600359653758	-0.9437191967964035	0.46575475418444445	0.9248478080690606	-0.02510432359490191	0.28914648148365485	0.6439578726722307	-0.6073623862930938	0.4281206459722168	-0.3327786551771233	0.1620171595540635
mtd	0.8212264312146732	0.9577736339690776	0.7146016402241452	-0.7968922474149464	-0.9988728010921117	-0.40093668067506844	0.1438105505530507	-0.9075053642428574	0.8868036315853207	-0.7707759700419421	0.7010684203461408	-0.5649564864030493
nuf	-0.5013712192563083	-0.7451649392082816	-0.3501022447983956	0.9779706840151717	0.884274065530133	0.7518828521311758	-0.5502679810019888	0.9999880719148403	-0.9991164550752112	0.968324879200692	-0.9374630311463633	0.8617731811749475
CASK	-0.16071245363386288	0.15357663795883833	-0.32301642080566256	-0.8886944230157565	-0.3878905512351851	-0.9994460145166565	0.9548874162635383	-0.7703033646408792	0.7993669616297154	-0.9071936684558274	0.9456957676721787	-0.9880803314106663
MAPk-Ak2	0.9180599381421304	0.995767463856372	0.8391160528408571	-0.6612859109332581	-0.9884525474332473	-0.21133188031712347	-0.05526256959559192	-0.8062022511195402	0.7775628189838448	-0.6291479637322878	0.5457576466059341	-0.39013559819046345
Tie	-0.09060618893305375	-0.3952407341975125	0.07669658046699485	0.9749803964431034	0.6055723706707332	0.9595404402190842	-0.8506063302334469	0.9050340705614189	-0.9239892166952586	0.9834676736849354	-0.996887054062149	0.9952419361252948
bnl	0.9947659789229985	0.9773501270174527	0.9638080365896703	-0.4052499685077317	-0.8972054244364864	0.09221087451108864	-0.35280782965717333	-0.5911027001794023	0.5526170975439816	-0.36643730373021965	0.2686714993580098	-0.09535429204868885
cher	0.6811649449559726	0.4202795185759041	0.7936925212926953	0.4851630146515569	-0.18846444150419658	0.8500835282471273	-0.9592602277203501	0.28727103801818993	-0.33188459835286116	0.521514290172603	-0.6066090503240962	0.7367846644196516
mirr	-0.8237267762571081	-0.9590282879996005	-0.7176697680723624	0.7942289240738435	0.9990718082736234	0.39690574852725896	-0.13945901047016102	0.9056501635045047	-0.8847635397238954	0.7679679029499684	-0.6979269964802586	0.5613239257358889
mbc	0.999506226688939	0.9403883909692572	0.9907559321766571	-0.2796865018565852	-0.8302831233039089	0.2242045497003332	-0.474463869213151	-0.47823209551689216	0.43651045327650584	-0.23905489604403168	0.13778910253535082	0.03827593755666108
RtGEF	-0.35937640682989225	-0.6312771484757392	-0.19876437402083866	0.9986113887772958	0.800035189385788	0.8460312745070933	-0.6744861077570157	0.986831151030595	-0.9933322827398144	0.995511679168297	-0.9804729415040893	0.9307058904050763
ara	0.9991483877275328	0.9626079426475666	0.9782854065062502	-0.3486845327284972	-0.8685728263244996	0.15282587689814636	-0.409271297210983	-0.5407598806837509	0.5007076178083641	-0.3089530471554382	0.20936790707074643	-0.03440753583001462
caup	-0.6354207896303691	-0.36436799800974196	-0.7552634219797697	-0.5373981658990764	0.12844323006614863	-0.8805129148593223	0.9746544729105759	-0.344940929042774	0.3885892271518185	-0.5723952677444113	0.6537938911619164	-0.7765060482370659
wun	-0.4984229587636845	-0.2047217541143974	-0.6359827344707931	-0.6699366792910741	-0.037966450575981824	-0.9469849841789568	0.9982688157770772	-0.49596906671763874	0.536154306578592	-0.7005719123830892	0.7703323352923946	-0.8703321328838299
CaMKI	-0.9972429311032356	-0.924957108063525	-0.9956573904428669	0.23830461565583966	0.8056475230050947	-0.26574294395915377	0.511734669235615	0.4401743337285779	-0.39757150899979055	0.19724277632056247	-0.09523655587526603	-0.0810440728734201
Dyrk2	-0.7894092658029354	-0.9409567034189321	-0.6760166531321743	0.8281754172744366	0.9948840586190786	0.4495397810810226	-0.19673028039786927	0.9287466032770574	-0.9103351882874715	0.8038675966007344	-0.7383399853638164	0.6084385076620471
sfl	0.9476342814879142	0.9999553282010741	0.8811279603899008	-0.5971518142056992	-0.9725834992200242	-0.12998248598335108	-0.13744041174417254	-0.7546487571576588	0.7230410929344413	-0.562883605261667	0.474773731952945	-0.31285054756588343
mspo	-0.8416843352210078	-0.9677132100409318	-0.7398802922144887	0.7741020555236097	0.9999433208596709	0.36692486544034303	-0.10726622423665452	0.8914197556982246	-0.8691813234008462	0.7467886793881903	-0.6743298244741359	0.5341843368051518
loco	0.9506105388073915	1.0	0.8855582732967074	-0.5895433671627665	-0.9703419363120632	-0.12060479936401766	-0.14679664092826697	-0.748413269352424	0.7164792568808505	-0.5550459835574438	0.46643368270741453	-0.30385897477360335
stumps	0.9851432518110204	0.9897916106932888	0.9427237289960749	-0.46840469237022464	-0.9259835014172282	0.022108219769207488	-0.28627626187791716	-0.646247819179502	0.6097404990284271	-0.4308271187742112	0.33560328589219657	-0.16497377188350812
dve	-0.8467655016064181	-0.6398291905168444	-0.9236040000584714	-0.24355246957496637	0.4350744640425571	-0.6857409633421007	0.8541163417330007	-0.030849025934835978	0.07769967220957479	-0.2841330548289477	0.3813587002491323	-0.5377615266316768
Rfx	0.9613198211168107	0.8283496594551847	0.9937859572813349	-0.03584470452181394	-0.6683588733427974	0.4562192744295985	-0.6757414309423236	-0.24839735548905462	0.20268715410233654	0.006222729494034334	-0.10916829158723593	0.28202148290917584
Pdk1	0.29345232870536203	0.5756799388451245	0.1299648947002118	-0.9998545168008375	-0.7562682942293062	-0.8811363499464906	0.7243091167072494	-0.9731553629356797	0.9828797664881187	-0.9996870859121292	0.9917960905204842	-0.9539385246447168
JIL-1	0.8697459377472497	0.979965175009365	0.775296671199449	-0.7386080143712523	-0.9990476976670057	-0.31590360252477245	0.05315565872994957	-0.8655142707584388	0.8410666260927141	-0.7095983527460799	0.6332648562644592	-0.48752282667504804
E23	-0.6354207894997176	-0.36436799785217244	-0.7552634218688717	-0.5373981660417685	0.1284432298983489	-0.8805129149395274	0.974654472948429	-0.3449409292015905	0.38858922730772233	-0.5723952678831526	0.6537938912899465	-0.7765060483436813
Dad	-0.2721887630620695	0.03992172954723739	-0.4288049681277372	-0.8306283970365093	-0.2802815002459351	-0.9967239817587354	0.9825177632396113	-0.6925819024643767	0.7256553608890428	-0.8533149429565818	0.9024718509876802	-0.9640881010345753
pio	-0.6818932789919221	-0.8752474561232328	-0.5504017139945755	0.9066787146551946	0.966211300353521	0.5857039018319733	-0.34995220722246595	0.9758361370529762	-0.9645126655757641	0.888133292910848	-0.8360829522229196	0.7267575792667058
RN-tre	-0.9911274526201894	-0.9834311570734862	-0.9550962118330332	0.43334719600110194	0.910442023108461	-0.06135222131196094	0.3236824953208762	0.6157807897917397	-0.5781441874651227	0.39505559091092485	-0.29835131480610155	0.12611394712685137
KrT95D	-0.5104981067738665	-0.7521794317566912	-0.3599939161230742	0.9757072521728049	0.8891655186057682	0.7448647957885557	-0.5414022343806958	0.9999837730778177	-0.9986158355863052	0.9656286839766752	-0.9337274942463382	0.8563573043001583
Atet	-0.27142585732179486	0.04071383646153797	-0.42808866404966517	-0.8310695615446053	-0.2810423884250588	-0.99678778497226	0.9823698688740934	-0.6931535275568823	0.7262005921131036	-0.8537280121100318	0.9028130441615287	-0.9642983391020739
Spred	-0.9941547054904896	-0.9115431206397886	-0.9982406797492975	0.20524922576193386	0.7851053880543323	-0.2982664769918136	0.5405612615830416	0.40948670877027393	-0.3662420272947295	0.16390035987736884	-0.06144093842021537	-0.11478096659238773
RpL3	0.8943370733405518	0.7113013827329553	0.956409798612881	0.1484047513574686	-0.5202920947440106	0.6119701334697211	-0.7996892093649084	-0.06616967146121051	0.01929271003861671	0.18987037690190822	-0.2899682408718073	0.4535172413929696
Cad96Ca	-0.10216482957897172	0.21164315220551008	-0.26658300346369435	-0.9142118896763108	-0.4416266535891935	-0.995738142769886	0.935690604886885	-0.8066050125431592	0.8334434079469901	-0.9304481438670903	0.9632358229681027	-0.9954448028954556
RhoGEF2	-0.9754515175597936	-0.9956259753962081	-0.9250850830144238	0.5114989187746776	0.9435125178680346	0.027330570262155827	0.23857108123763915	0.6831747421582698	-0.6481687315879776	0.4749023904420282	-0.3817505802119628	0.2135188001527173
vig	0.48052536283687686	0.7289952359148762	0.3275894196909527	-0.982685255790647	-0.8728478078845558	-0.7674425179046964	0.5700891156799004	-0.9995849210287998	0.9998360059727982	-0.9740220518242906	0.9455232344227678	-0.8736644285303069
trio	-0.47787626141105755	-0.72692589376197	-0.3247362614220421	0.9832400021084451	0.871370968081368	0.7693740506885165	-0.5725662290344985	0.9994934150629885	-0.9998861107922227	0.9747010986997205	-0.9465015201220006	0.8751288960756528
NK7.1	-0.8744871747583455	-0.6807443127335173	-0.9431155478187863	-0.19035591093019708	0.4834776778998531	-0.6450731173393558	0.8245164650084396	0.02364614117552825	0.02327369936751448	-0.2314810704978716	0.3304339939269452	-0.4910350639629566
Dbp80	-0.9989543364828355	-0.9354259499960742	-0.9925954842722565	0.26592090447878985	0.8222236963704727	-0.2381253272783131	0.48701025702665585	0.46561739514687667	-0.423592892993601	0.22513729098932034	-0.1236034940712688	-0.05256951381506248
Optix	-0.3522494024951262	-0.04435961912144753	-0.5033540622042136	-0.780789692856192	-0.19845452436946226	-0.9863734305336685	0.9947048275236505	-0.629380477279796	0.6651389428136322	-0.8063792168896401	0.8629946177994883	-0.9383001249789864
Scgdelta	-0.4667226165849654	-0.1691647029605919	-0.6076386288334144	-0.6963655306140647	-0.07410492084273859	-0.9579915217655847	0.9997434306485459	-0.5270689196909	0.5663513208972235	-0.725937121835979	0.7929036514600389	-0.8875840562559527
bab2	-0.9937192925546923	-0.9099073185165315	-0.9984676871957092	0.20137125275039747	0.7826461301252235	-0.30204454468391445	0.5438891662308627	0.40587009831824744	-0.36255365748863133	0.15999194790145194	-0.05748725216049472	-0.11871457661238091
PlexA	-0.2601336384207083	-0.5469862115489684	-0.09551219072765738	0.9986621204848798	0.7331313285478468	0.897000146751235	-0.74777686473265	0.9645914100179716	-0.9759012941512446	0.9999533584624863	-0.9956315750117168	0.9637657361072358
Gasp	0.8488505349816804	0.9710066379930337	0.7488362985699911	-0.7655420254992773	-0.999996177269651	-0.35441564436440465	0.0939222812699308	-0.8852616965762405	0.8624711619172257	-0.7378019245608142	0.6643655869112579	-0.522798489702928
siz	-0.955918486905588	-0.8175668121220546	-0.9914941293671043	0.016869023404379027	0.6541193386946959	-0.47302802817714845	0.6896116279302374	0.22996609363401968	-0.18406320313293995	-0.025202662083998958	0.12801659804874158	-0.3001816020219516
gukh	-0.5308330946083348	-0.7676605234172335	-0.382112048132962	0.9702126692284088	0.8998116447671567	0.7287623827800835	-0.5212241246836165	0.9995644297157661	-0.9970798619471408	0.959164103214918	-0.924936481200987	0.8438156342508359
Nipped-B	-0.7575135344356129	-0.5174741872805373	-0.8557498674098551	-0.38610588597955453	0.29527328336158865	-0.7870428590574201	0.9223922413817931	-0.18024286522693544	0.22618315824029903	-0.4245651346367122	0.5155462782496438	-0.6579996524375391
Rip11	0.9966161232736663	0.9729065227487834	0.9689638195914645	-0.3868228031466116	-0.8881628078967307	0.11217401926790198	-0.3715135893946382	-0.5747975349327595	0.5357810989416133	-0.3476921261626222	0.24928802244760562	-0.0753593198747515
goe	-0.9457528365303819	-0.7982021622299547	-0.9866815774419426	-0.015997465083080403	0.6289094734331842	-0.5017255703576867	0.7130371886865207	0.19786058241740198	-0.15166320410887535	-0.05804066531111953	0.1605391212312416	-0.33136599664112165
CG18659	-0.3765986599271394	-0.6455331570457385	-0.21688198360494254	0.9974643745801635	0.8110098396810511	0.8360118558899279	-0.6606964006487379	0.9896577591662705	-0.9952971437218412	0.9935880873418154	-0.9766624786872382	0.9237717538072305
CG6191	-0.3097157915045141	-0.5895433671627665	-0.1468584354758886	1.0	0.7673180867542895	0.8729424923338572	-0.7124432797764435	0.9769394664185503	-0.9858795154594148	0.9991149712670725	-0.9894713892183683	0.9486825708745699
CG8740	0.9328705204216833	0.7749917481594943	0.979868934414783	0.05357522628416271	-0.5992364622001186	0.5338906167983183	-0.7388911980200814	-0.16087005876577962	0.11439699019635508	0.0955301419580463	-0.19753190451352978	0.36660166663160604
drpr	0.8648394048226664	0.977954420342568	0.7690335401375469	-0.7452168858978913	-0.9994292271604613	-0.32524021323654734	0.0629958475045859	-0.8704092943233522	0.846357571498223	-0.716508979659639	0.6408625444957651	-0.49610513452229205
Kank	0.3066681403636533	0.5869526888882853	0.1436888319487426	-0.9999948685092829	-0.765259797129592	-0.8745007955626827	0.7146876744325102	-0.9762504351905823	0.9853379962832052	-0.9992445958728744	0.9899299621126376	-0.9496907721488717
cindr	-0.800012765995968	-0.9467270132448191	-0.6887865419714433	0.8182579099698932	0.9964970645080062	0.4338663498172993	-0.1795721331368451	0.922128656394767	-0.902966126088412	0.7933539076883568	-0.726445365634756	0.5944818279233155
obst-B	-0.2208283941574896	-0.5126454110380158	-0.05513318831385888	0.9957497944399487	0.7049963857783703	0.9141606502876839	-0.7740443143485406	0.953122480018226	-0.9662666656585699	0.9987424913022802	-0.9985953875975431	0.9737751447298109
GV1	-0.9162399954235626	-0.9953373768641396	-0.836623317731382	0.6647045398984419	0.989134213703696	0.2157930881512219	0.05070242195565057	0.8088955987215312	-0.7804261820818045	0.6326909169608448	-0.5495784648756203	0.39433621490698795
Ptpmeg2	-0.5249147217237282	-0.23480274071975024	-0.6594730140929286	-0.6467284646562683	-0.007139318735014726	-0.9366293728356863	0.9959808534683415	-0.4689612171083896	0.5098740934749147	-0.6782381989231483	0.750306763044714	-0.8547350306260392
Atf3	-0.7996642487135848	-0.5737986631618177	-0.8885791589267236	-0.32325427017106334	0.3587995988579306	-0.7438153400076744	0.8943556712814615	-0.11374663426290765	0.16022392146420314	-0.3627726636449413	0.4568092911549932	-0.6059179322124374
Lnk	-0.8151466729607152	-0.5950943715354924	-0.9003116220851649	-0.2983083871601252	0.3831720924606226	-0.7260183852617981	0.8823074317752618	-0.08763427825807932	0.13426427978666736	-0.3381919809022153	0.433306662233824	-0.584831820760678
seq	-0.43036829321191694	-0.6892838040286662	-0.273854198832661	0.9915610332969826	0.8439769913481144	0.8023340162303203	-0.6154582483813138	0.996375535271236	-0.9992688548196925	0.985230429092378	-0.9623585516516372	0.8996803909862254
CG12206	-0.9969937614757912	-0.9718020800726602	-0.9701222369414633	0.3824567311512543	0.8859793227161411	-0.11687286418687526	0.375900851548625	0.5709206054950555	-0.5317813374355902	0.3432533919236582	-0.24470460887084666	0.07064197431318901
Proc-R	0.48218677892801487	0.7302914021348573	0.3293796970720934	-0.9823322951100105	-0.8737712086789897	-0.7662259282545968	0.5685308167406841	-0.9996377325039848	0.9997998837369286	-0.9735910698862733	0.9449044611706608	-0.8727406643874507
AdamTS-B	-0.9858033968913567	-0.9892301019188707	-0.9440133192888528	0.4649666455252821	0.9245087904407947	-0.02599442934739366	0.28999872978979957	0.6432764099473164	-0.6066547925165916	0.4273158058821115	-0.3319388751070412	0.1611384629749145
pigs	-0.5712757818511023	-0.797812803401513	-0.4264431794979801	0.9573339525655519	0.9198954125078859	0.6947244488196256	-0.47925754460847314	0.9969601435598316	-0.9922080833886958	0.9443312288979269	-0.905430316259684	0.8168206669514341
CG14431	0.5527455706421783	0.2667853902670749	0.683945931700006	0.621179528468709	-0.02589807644494279	0.9245455244566066	-0.9924784974117673	0.439528716880013	-0.4811780532734181	0.6535930032640389	-0.7280585920138384	0.8371215752151042
mahe	0.5920824172962672	0.8129730282796388	0.4494395357781434	-0.9496290375917007	-0.9296253006912821	-0.6760993429209914	0.45665138501629	-0.9946410787782691	0.9886966179027034	-0.9356071233987806	0.8942762507829265	-0.8017975531367727
CG12065	-0.24210248781564297	-0.5312976147270652	-0.07695347240079684	0.9975256232067642	0.7203359375409033	0.905078346801365	-0.7600147248981586	0.9595111212782593	-0.9716672623947477	0.9995999569268175	-0.9971980422223751	0.968567354906975
CG12075	0.31253555920686704	0.002261847934311192	0.4665301132276403	0.8064012021948551	0.2395410975406792	0.9924252715432643	-0.9894961942431466	0.6615381792467134	-0.6959860446112969	0.8305621082442599	-0.8834989062498438	0.9520273018798717
CG7766	0.6324533450234828	0.8416414989571742	0.49446028211720267	-0.9323916016406606	-0.9472266024646113	-0.6376007144777415	0.4106361257394118	-0.9880656190303396	0.9797527795452403	-0.9163628422207801	0.8702626983818413	-0.77024243523169
CG15312	0.9982942699723782	0.9671102681636189	0.9745887492297451	-0.36469956331888975	-0.8769401671508052	0.1358626863847569	-0.3935704891361227	-0.5550999642552837	0.5154725304020574	-0.325211113451667	0.2260993226440604	-0.05153443082279253
CG1578	0.6149906103911329	0.33986633669025335	0.7378481213763479	0.5592892424860255	-0.10243974384009023	0.8926193444354306	-0.980176544915798	0.3693924422746154	-0.4125752035970797	0.5936631145822754	-0.6733767515757638	0.792733912831175
NFAT	0.8553903120765236	0.9739181364461821	0.7570599411800752	-0.7574421798301096	-0.9998835400104958	-0.34270264724162086	0.08147369230487063	-0.8793805359261009	0.8560792625564184	-0.729308963546859	0.6549737326770577	-0.5121049511163771
Pdcd4	-0.5165449624219538	-0.22526176244949508	-0.6520715443336228	-0.6541749247157337	-0.016942503676855347	-0.9400188380081749	0.9968110775019777	-0.47759756023378674	0.5182832803634787	-0.6854098329874672	0.756751882511297	-0.859782747365843
Lsd-2	-0.12081511763617314	0.19326452166273547	-0.2846234105086036	-0.9064460306982416	-0.4247116188190457	-0.9972935359375227	0.9421470426151441	-0.795370273226567	0.8229261887822232	-0.9234078070120287	0.9580244406752659	-0.9934803104890431
CG9220	0.022932928413836453	0.33210487035104386	-0.14406460815485825	-0.9576818069788995	-0.550271398867424	-0.9764108065908955	0.8842721540740703	-0.8741409155089367	0.8959601166623902	-0.9689411094802077	0.9892558443057327	-0.9995562011158332
CG6847	0.9999840934575146	0.948844750688553	0.9869288769489978	-0.304347915999724	-0.8443772518013869	0.199003030290766	-0.4516096766251959	-0.5007169312726638	0.4595626172928011	-0.2640112350994182	0.1632807364281925	0.01249873295813236
Hayan	-0.17623260734169374	-0.4730567961899206	-0.009655090426575707	0.9905293456680412	0.6720044075234836	0.9316538493472178	-0.8020442951418121	0.9383711473941682	-0.9535506558270952	0.9954279629306785	-0.9999718570584206	0.9831166726674788
wgn	0.02898370536948429	0.33780803429813594	-0.1380723212157065	-0.9594064323021152	-0.5553153119799826	-0.9750859953585784	0.8814294733713786	-0.8770645751216437	0.8986319566750682	-0.9704201638711766	0.9901226081555736	-0.9993575827676038
Pvf1	0.5664264516374568	0.7942440517765739	0.4211025191127152	-0.9590212340936116	-0.9175671241651776	-0.6989534071682492	0.48442420543482284	-0.9974022096568893	0.9929254608883311	-0.946254659370435	0.907917507541103	-0.8202079686350975
CG7378	-0.5321030313076345	-0.2430250680178725	-0.6658146082097508	-0.6402469684994628	0.0013281910119024147	-0.9336294551388835	0.9951867471437581	-0.46146577701142927	0.5025716820752745	-0.671991630975693	0.7446821067740153	-0.850309225199172
kek5	0.19483112055594706	-0.11922970803528198	0.3556298275163154	0.8722659780242973	0.3557056878353082	0.9999990407680145	-0.9646081458155513	0.7477347283400803	-0.7780577563002915	0.8920640139438307	-0.9338591150339801	0.982150018744833
CG14200	0.9623821700492198	0.8305188873313322	0.9942107073521872	-0.03972524704731271	-0.6712423899386488	0.45276020506147485	-0.6728737988121528	-0.25215708109318025	0.20648833042629447	0.002339449440999324	-0.10530736957204984	0.2782936790297829
Cyp6v1	-0.3710185925371605	-0.06446164775880779	-0.5206467159597666	-0.7680538461232188	-0.17868387457816998	-0.9828615830429684	0.9965721626358612	-0.6136093190946652	0.6499720664356513	-0.7943104560756533	0.8526493741891328	-0.9311482965151542
CG17600	0.30247410892317106	0.5833820575151272	0.13932991045296983	-0.9999710682419095	-0.762417930166595	-0.8766279862349964	0.717760551490529	-0.9752870350342807	0.9845771943656678	-0.9994060259632062	0.9905436767283223	-0.9510606066711756
nAChRbeta3	0.5615050042607275	0.7906088943877568	0.4156895962832747	-0.9606927647392824	-0.915181402050936	-0.7032031128180273	0.48962926819040214	-0.9978137890585841	0.9936154680773379	-0.9481653274106576	0.9103993484078124	-0.8236026902580514
CG5001	0.8449902392084133	0.9692455036086989	0.7440048998045187	-0.770192891515314	-0.9999898969930461	-0.3611951300532623	0.10114780646160054	-0.8886149861217358	0.8661228100415773	-0.7426831684463835	0.6697743279315688	-0.5289736238694096
Wdr62	0.006858688208372662	-0.30385897477360335	0.17347919262190145	0.9486825708745699	0.5251535669281453	0.9824096103081481	-0.8977904687555367	0.8592851454521525	-0.8823320459948906	0.9611444579565321	-0.9844617813848925	1.0
daw	-0.11925887789335612	-0.4215397963379015	0.04794081149434335	0.980979652880653	0.6282467778157621	0.951030457830132	-0.8351055266184905	0.9169119327916528	-0.9346227220939359	0.9882762811401246	-0.998744655190054	0.9920218803420937
mxt	-0.8783198953190926	-0.6865527596529599	-0.9457317093415775	-0.1825365828443815	0.4904291760166079	-0.6389711824154158	0.8199869455913895	0.03160199199708509	0.015316292944089234	-0.22373108034055778	0.32291175768224595	-0.484086262550737
Rchy1	-0.26856625927950273	0.043681087128672615	-0.42540277495855544	-0.8327176571420203	-0.28389134123263504	-0.9970212422098546	0.9818103218867175	-0.6952911395449305	0.7282391398396899	-0.8552707271956725	0.9040862152829229	-0.9650805682444007
Tsp	-0.3527871566220918	-0.04493368951562963	-0.503850517096509	-0.780430530245085	-0.19789127782301208	-0.9862787262551445	0.9947637211609663	-0.628933819543792	0.6647097355084091	-0.8060392403354851	0.8627041579409598	-0.9381012457187111
CG13784	-0.7703949026720354	-0.5344535009931843	-0.8659080563755338	-0.36761385117540735	0.31428748323901956	-0.7745707851846437	0.9144975697958742	-0.16057075657046693	0.20669228987011826	-0.40640594828070736	0.49833788519197153	-0.6428359135014978
CG33298	-0.6786907228061219	-0.8731257019854913	-0.546748400180022	0.9085131920622866	0.9650758436061038	0.5892398653144605	-0.3540420322120788	0.9767815638185102	-0.9656571547563113	0.8901329558291705	-0.8384720683442638	0.7297519956081044
jp	-0.6611884257402408	-0.8613905953271613	-0.5268575991910517	0.9181114478205505	0.9586318079060969	0.6081233086642812	-0.37599119859746716	0.9815606437571402	-0.9715138989332929	0.900628490299572	-0.8510858342969582	0.7456673469739562
Samuel	0.3658888093172023	0.6366813516209733	0.20560811950043617	-0.9982188693495805	-0.8042081445467486	-0.8422850667857357	0.6693104646703759	-0.9879373959124879	0.9941136543026705	-0.9948260337602829	0.9790747776674735	-0.9281271654930455
Dlg5	-0.06781110810174477	0.2452098087344523	-0.2331986958952898	-0.9276383685422869	-0.47229363620064035	-0.991966966242798	0.9229714925560237	-0.8265024774565505	0.8519981781670244	-0.9425269602257805	0.9719248166005622	-0.9981398059261515
CG5953	-0.9974690034648684	-0.9261352636651085	-0.9953629006118114	0.24132542561559542	0.8074869242041252	-0.26274193108961985	0.5090588743254711	0.4429661536441873	-0.40042470582119877	0.20029230050075394	-0.09833355913305154	-0.07794230851896893
CG17549	-0.9860746662728029	-0.9889911892052704	-0.9445476340367964	0.4635288258109198	0.923888810903332	-0.02761720729543277	0.2915519477933829	0.6420326621059205	-0.6053634775518664	0.42584755842905353	-0.3304071200720942	0.15953610428579992
CG9265	-0.6106488227895406	-0.3346938900956385	-0.7341284627562319	-0.5638354876926194	0.09697272614593032	-0.8950827971936496	0.9812503291160505	-0.37449264475082183	0.41757393273967147	-0.5980755534026123	0.6774285770692856	-0.7960711421433577
CG8671	0.8865996258789609	0.6992456281741665	0.951305438916854	0.1652004157772284	-0.5056944193634109	0.625330910442637	-0.8097838732906238	-0.049191942196791204	0.0022876550479617374	0.2065390084602855	-0.3062011242060676	0.4686077088217032
scaf	-0.9231053323286046	-0.9968718064324554	-0.8460738745107744	0.6515389928274884	0.9864122692804015	0.19868605775930065	0.06815820303735859	0.7984909770997708	-0.7693737609923386	0.619052929577023	-0.534885878316232	0.37820685869469234
SCAP	-0.9705194791640489	-0.8477759218935271	-0.9971196972555497	0.07141379525721792	0.6944264780259611	-0.42423747047816884	0.6490597488658938	0.2827382601791712	-0.23743405077563928	0.029395246506237618	0.07369717597110816	-0.24767351858891634
CG1360	0.7833982955207467	0.5517954343676699	0.8760540920447488	0.34832852858500385	-0.3338269811390269	0.7613427682127237	-0.9059464555198893	0.1401514246836745	-0.18644111543294792	0.3874487053506316	-0.48032573250924976	0.6268784659721143
CG14764	0.9111280409111867	0.738210496376289	0.9670854691404216	0.10966820756120543	-0.5532483203402455	0.5806147407186977	-0.7756294210333369	-0.10508938276724915	0.05832651309314159	0.15138017726884062	-0.2523691948805625	0.41836284499931164
CG8170	0.9999187203350601	0.9544905787625658	0.9837984464293152	-0.3218133254006436	-0.8540864897139491	0.1809479432566942	-0.4351261423436384	-0.5165501934943626	0.47581722695930295	-0.2817033760491	0.1813955780092246	-0.005891185980681551
Mmp2	-0.9235411768868377	-0.7588950864316296	-0.9745526482747703	-0.07860701521051548	0.5789658110387204	-0.5549330523698488	0.7555613651897882	0.13606147711568825	-0.08944099724917387	-0.12047003132548438	0.2220601638958458	-0.3898245365354182
Cyp49a1	-0.5501915555628624	-0.7822023236503243	-0.4032732261972808	0.9643819596555004	0.909611467496786	0.7128141474548896	-0.5014504084188128	0.9986208012373334	-0.9950588602973863	0.9524022875250918	-0.9159456746614133	0.8312452401372652
exp	-0.05569289419672889	0.25696222845949185	-0.22137508772235048	-0.9321044727273097	-0.48296054684895817	-0.9903580288080414	0.918230714590435	-0.8332762208113762	0.8582918221678988	-0.9465142177053297	0.9747098932227483	-0.9988064419568059
Dh44-R2	0.31613163593750054	0.5949862286247906	0.15353690596211153	-0.9999771843030388	-0.7716323765431813	-0.8696272996739304	0.7076867966917934	-0.9783594939629892	0.986988199119519	-0.9988080393051002	0.9884711629049994	-0.9465247728672102
CG17724	0.6595016175052985	0.8602474828582382	0.524947108498491	-0.9189993489421678	-0.957990012347098	-0.6099048999079872	0.37807162670382344	-0.9819875300117739	0.9720437572230651	-0.901602391860317	0.8522629994080149	-0.7471621470364529
ckn	0.9990395310442723	0.963298004070991	0.9777518314605049	-0.3510817334994277	-0.8698380953722664	0.1502964949139114	-0.40693514670293235	-0.5429106326450401	0.5029210400734024	-0.3113857864452606	0.21186944877527653	-0.036964849153977616
CG8180	-0.8921865767737864	-0.9883131852494893	-0.804397603280973	0.7057824698780252	0.9958513209855512	0.2705196438213227	-0.005704576229249421	0.8407679204050227	-0.8144472479746675	0.6753593826036864	-0.5958216735033951	0.4455371836532715
CG8405	0.33942694625668307	0.03070349436232778	0.4914990286794067	0.7892548660467233	0.21182962372230668	0.9885295897697398	-0.9932075067573214	0.6399410802491025	-0.6752810825416956	0.8143856418618165	-0.869817991163071	0.9429383181605536
CG10936	-0.6623020314479124	-0.3970384661926673	-0.777945690529646	-0.507270964044399	0.16339685482678054	-0.8632178223906205	0.9661430526204274	-0.31156739719602405	0.35579653520358007	-0.5430711219293808	0.6266552824569012	-0.7537618582099556
Magi	-0.8109433092324932	-0.952505907247127	-0.7020412770588174	0.8075156154229816	0.9978700461245412	0.41717407872082135	-0.16139648126805942	0.9148357457936721	-0.8948865093071483	0.7819903932075524	-0.7136459795411934	0.5795489595409982
CG4266	-0.39303691862894535	-0.08821786754852008	-0.5408392645220698	-0.7525792661131717	-0.15519250406681465	-0.9781907648412267	0.9982602199347697	-0.5946234409770591	0.6316822909303117	-0.7796115970694281	0.8399596817475485	-0.9221967812373845
CG10082	-0.2618453718889117	0.05064382153922372	-0.41908415539573335	-0.8365569496324242	-0.29056810416770784	-0.997534633593408	0.980463029823716	-0.7002841063108061	0.7329984576262317	-0.8588619063608292	0.9070430735394577	-0.966883054281032
Liprin-gamma	0.3930247117032419	0.659022221862679	0.23421994237903537	-0.9960399271513255	-0.8212925798661336	-0.8261146612133248	0.647233234961333	-0.9920538335793676	0.996863398038112	-0.9914187289738924	0.9726856168802228	-0.9168106470608902
nahoda	-0.2177670511202274	0.09592553401911268	-0.3774384868540698	-0.8605641207744464	-0.333702285594376	-0.9996918544942505	0.9705236173709717	-0.7319661265087745	0.7631200395262248	-0.881226822484563	0.9252199518538736	-0.9774714140210241
Sesn	0.41010058095057245	0.10676119524462883	0.5564166403554749	0.7401799064878415	0.13676001824820178	0.974151097576219	-0.9991854845907284	0.5795405980982966	-0.6171291669816757	0.7678081867741855	-0.8297036418690568	0.9148316024128065
sona	-0.48875706162600346	-0.1938304921845454	-0.6273667363833876	-0.6781465462273834	-0.04907010283256292	-0.9504971810067513	0.9988608464901025	-0.5055891761443343	0.545502750531618	-0.7084593987821531	0.7773715240569934	-0.8757516422952122
Eps-15	-0.7907630181932891	-0.5617132987320234	-0.8817489700191525	-0.33711205803887434	0.34505765294449026	-0.7535476126625885	0.9008268429661782	-0.12831989996767357	0.17469779404399643	-0.3764142829537738	0.46981958704728	-0.6175316126672634
Hipk	-0.12074582924331792	0.19333300461973002	-0.2845564973816708	-0.9064755062797318	-0.424774809163306	-0.997288401661989	0.9421236435782289	-0.7954125783566814	0.8229658431748925	-0.9234345951804473	0.9580444488833364	-0.9934882654650985
Sf3b3	0.11076942675658161	0.41377472533215787	-0.05647532205474059	-0.9792849428733272	-0.6215748581672945	-0.9536372992980177	0.8397761453242557	-0.9134677938334742	0.9315492537440955	-0.9869354074301894	0.9982801000115821	-0.9930630227082217
Iml1	-0.977157768124119	-0.9948582511221514	-0.9280510555433864	0.5047068134153946	0.940870300941323	0.019446796740095248	0.24622182840921725	0.6773948044485981	-0.642143513512144	0.4679477552967174	-0.3744500739260405	0.20580814792775745
CG12004	-0.9791931226678606	-0.8678444406728418	-0.999321215917991	0.1103192368969272	0.7220024644399983	-0.38854320681955273	0.6188502875650874	0.31998841630388675	-0.2751955636425369	0.06841560244494699	0.03468748544121451	-0.2096418074328347
spz5	-0.24954986654419245	0.06334146861122165	-0.407502928498924	-0.8434572628610977	-0.30271393720966144	-0.9983464564820844	0.9778820452043578	-0.709306439471813	0.741590386195784	-0.8653067270984764	0.9123244996881694	-0.9700507567252441
CG2162	-0.5438345739524947	-0.7774486447812289	-0.3963126640505071	0.9663628173757222	0.9064303192295543	0.7181195310176082	-0.5080060050157502	0.9989907000714686	-0.995784133681208	0.9546897521296551	-0.9189666753996172	0.8354427123811836
slow	-0.9629618518988708	-0.9990935004060768	-0.9045303351651643	0.5546238543800732	0.9591716776595066	0.07823652669685355	0.18877207698563067	0.7195012320092835	-0.6861328042457948	0.5191325396566099	-0.428355589793478	0.26302667033014143
RhoGEF64C	0.952082395768351	0.9999885902515393	0.8877672033909044	-0.5856781129092256	-0.9691760989470797	-0.11586133016522554	-0.1515201778006328	-0.7452364928153627	0.7131386331755114	-0.551066079620026	0.4622028695276066	-0.29930441473092145
frm	0.99525640272509	0.9762976613771824	0.9651073315555749	-0.40074961287912775	-0.8950230162009939	0.0971061436343347	-0.3574046931847399	-0.5871292500094227	0.5485121365217345	-0.36185757545214586	0.2639317180237239	-0.09045821127076566
Pura	-0.8376053774275154	-0.6266800254181402	-0.9169577557264056	-0.25999534259748547	0.4197143060671049	-0.6980078106292482	0.8628290601372265	-0.047826109403626305	0.09462671680653464	-0.3003814372446114	0.3970093250606905	-0.5520078086901763
CG13676	-0.9625855907991058	-0.8309362259295735	-0.9942909809876237	0.040474337354624454	0.671797902369939	-0.452091627095551	0.6723190186741652	0.252882478129525	-0.2072218090553173	-0.0015897575869724143	0.10456181523434985	-0.2775735234333466
PGRP-LC	-0.32034024989998255	-0.5985484726110187	-0.1579221570512219	0.9999373418899554	0.7744485379652943	0.8674269582287384	-0.7045432684681103	0.9792684199956959	-0.9876922966842945	0.9985815057782008	-0.98778925573456	0.9450831561413787
Tat	-0.5804248223524078	-0.8045097442637666	-0.4365385745532994	0.9540400909858243	0.9242263763050084	0.6866317859446364	-0.4694057943794381	0.9960258174541307	-0.9907516915392574	0.9405904177758616	-0.9006232493154693	0.8103137308623805
CrzR	-0.7013134261165912	-0.8879356967386051	-0.5726508308564356	0.8950093284334738	0.9727921940819654	0.5636994251509606	-0.3246386578757954	0.9696084024146452	-0.9570647720014412	0.8754552422564803	-0.8210303012720966	0.7080261980296865
Ncc69	-0.7462442528198577	-0.9160031356571775	-0.624818822407777	0.8640642077514344	0.9858139478387126	0.5087171712316231	-0.26235891177366005	0.951618685692732	-0.9361575770820995	0.842125875774511	-0.7821130924638087	0.6605383140159675
Wbp2	0.8282115674562693	0.6133613790453213	0.9100528089412498	0.2763492656135445	-0.404246216596874	0.710062982992135	-0.87128561038555	0.06477495655727744	-0.11151207507292842	0.31652939187360185	-0.4125321730079844	0.5660828230134899
CG17839	-0.35813196558273425	-0.6302426232685626	-0.19745760946841187	0.99868073510595	0.7992346277846117	0.8467412898465594	-0.6754697848851775	0.9866146257641779	-0.993177701325705	0.9956369657903417	-0.9807342470869334	0.9311927015987783
CG5151	-0.6751511151449483	-0.41284023157103056	-0.7886880686737803	-0.49230218462184794	0.1804217655968823	-0.8543646286888102	0.9615400058281438	-0.29509950589587447	0.3395926788362072	-0.5284789173765315	0.6130942317380752	-0.7422927504953358
CG9674	0.46456470160089974	0.7164792568808505	0.3104252888963632	-0.9858795154594148	-0.8638672688241874	-0.7789271109020551	0.5848742419651098	-0.9988992642435153	0.9999999999999999	-0.9779633167114301	0.9512638701701616	-0.8823320459948906
MYPT-75D	-0.14006783548600726	-0.44047636191292994	0.02696939822006228	0.9848370401271589	0.6444350472407735	0.94433463249485	-0.8233780030228253	0.9250849098277091	-0.9418800263281262	0.9912625595117144	-0.9995758826172338	0.9891579389422426
CG3961	-0.9401907291801022	-0.7880226200613083	-0.983825075732091	-0.03270660701279869	0.6158272276374366	-0.5161131285134825	0.724655874926254	0.18144985321202997	-0.13512184256242774	-0.07471789809695438	0.1770134292753736	-0.347088951216161
sNPF-R	-0.3086230474422724	-0.5886148571526936	-0.14572175817299252	0.9999993398547179	0.7665807399272312	0.8735024437601608	-0.7132491241030721	0.9766934828021486	-0.9856864509600304	0.9991626434269688	-0.9896370348071285	0.9490453050808529
barc	0.7675538467903361	0.9285975208207395	0.6499461249290174	-0.8471902859407232	-0.9907627348986604	-0.48037305369854144	0.23075334680391654	-0.9410926969052076	0.9241952863204469	-0.8240930020724861	0.7613777476886389	-0.6357049820026991
Syn1	0.409681878049675	0.6725910505299172	0.2518609461714384	-0.9942583829055506	-0.831531774391261	-0.8157304255701734	0.6332634673983886	-0.9941777804856723	0.9981377790515413	-0.9888774731405608	0.9683034047980444	-0.9093971207050316
olf413	-0.4647572818336419	-0.7166309590865552	-0.3106320220245792	0.9858430729813877	0.8639767996780067	0.7787907046808844	-0.5846978210790139	0.9989094421587468	-0.9999999763502029	0.9779178878243693	-0.9511967801566387	0.8822296708681477
CG12581	-0.9137417509374094	-0.7425040230049769	-0.9686909648106886	-0.10331734300435451	0.5585576384387817	-0.5754026148722614	0.7715821016172911	0.11143902531779461	-0.06470160283951605	-0.14506354417535292	0.24618363943455304	-0.4125529877582908
beta-Man	0.49851737519670064	0.7429633832568555	0.34701368300790747	-0.9786532240459652	-0.882730506090198	-0.7540512911226738	0.5530164545990157	-0.9999665480876694	0.9992495200274586	-0.9691424150104707	0.9386049541202325	-0.8634401419374262
CG17816	-0.1620713274855538	0.15221590271758248	-0.32431922677441677	-0.888062260739922	-0.3866210647539783	-0.9994908933131018	0.9552954136413625	-0.7694246005266578	0.7985388882598129	-0.9066135180878224	0.9452472976280238	-0.9878674321809808
CG16779	0.3662154322222774	0.6369519649602917	0.20595159098524435	-0.9981978688791997	-0.804416701038261	-0.842095823656658	0.6690496490150319	-0.9879916861321899	0.9941516193693923	-0.99479031501411	0.9790032920141937	-0.9279964501939683
mura	-0.751325417926241	-0.9190516269452086	-0.630785902009115	0.8601798561546233	0.9870716675424368	0.5021022402142384	-0.2549536670802695	0.9492350800449567	-0.9334348241952835	0.8379669613176957	-0.7773130989122428	0.6547632737391583
CG8312	-0.6463857559471131	-0.8512891418691985	-0.5101295995071145	0.9256887924413626	0.9528799277022418	0.6235364461260919	-0.3940462731860495	0.9851121919836947	-0.9759639481142863	0.9089577873038012	-0.8611937766238446	0.758559477495937
PK2-R2	0.6781223750151698	0.41651223421033456	0.7911625229110888	0.488785754192058	-0.18438937330415175	0.852260632759936	-0.9604238221555701	0.29124151051205194	-0.3357944226400941	0.5250488622615486	-0.6099013146349687	0.7395827512416655
foxo	-0.6926172496742167	-0.8822924821175956	-0.5626672013725919	0.9003526325816191	0.9699111390560159	0.5736744474481572	-0.3360847510216651	0.9725040670595438	-0.9605096352063064	0.881251728160732	-0.8278929176125531	0.7165378950441728
Pde6	-0.7058320581835974	-0.8908425362131609	-0.5778521023904979	0.8921549578752218	0.9742457045669078	0.5584358797912109	-0.31861780513407845	0.9680330701341773	-0.955202204027529	0.8723643945584095	-0.8173836255326865	0.7035214664812265
CG6040	0.23694336438255162	-0.0763066332849433	0.39559995349672084	0.8503677569255353	0.31507520084665813	0.9990092273989	-0.9750811194862269	0.7184078475000955	-0.7502465680269856	0.8717481012871003	-0.9175691416620243	0.9731257338800936
Hs6st	-0.3425591572408936	-0.03403365510237936	-0.4943979810592292	-0.7872044780954199	-0.20857215801069381	-0.988020894416893	0.9935896823119601	-0.6373772146360809	0.6728198549283401	-0.8124475384167682	0.8681692933324586	-0.9418236691450791
RhoGAP93B	-0.3627857938853413	-0.055627600719892485	-0.5130705033492629	-0.7736911321102721	-0.18738437990938187	-0.9844545336623172	0.9958009984310873	-0.6205732796641786	0.656672187732616	-0.7996557882528976	0.8572399253671412	-0.9343388758240697
CG11168	-0.5799273395716339	-0.8041468220916121	-0.4359889744536438	0.9542229538782077	0.9239929769091024	0.687075705257939	-0.46994502348205214	0.9960800316377784	-0.9908343832342726	0.9407976318915771	-0.9008885309521373	0.810671500220187
Cad99C	0.7667801950952897	0.9281492744351902	0.6490290375426438	-0.8478304598061698	-0.9905984584842432	-0.48143053432026794	0.2319267321869035	-0.9414998546233017	0.9246552493412218	-0.8247756052831008	0.7621591208741706	-0.6366355494084185
PH4alphaEFB	0.8318552304661186	0.963032427270141	0.7276841472552431	-0.7853419362391714	-0.9995910516190645	-0.3835654737028329	0.1250972321239451	-0.8994115081497037	0.8779183398185743	-0.758607431795206	0.687477362134086	-0.5492741909372238
nyo	-0.3505612056303771	-0.6239362291781999	-0.18951451315695417	0.9990637332265219	0.7943425687126447	0.8510206636214374	-0.6814175558226774	0.9852620785253048	-0.9922010685945609	0.9963597874374394	-0.9822836368175472	0.9341134051221961
ABCD	-0.6213186415986633	-0.8338376530703268	-0.48198767789436137	0.9374620088352097	0.9425485386613058	0.6485452369966257	-0.4236250960567512	0.9901660684819993	-0.9825140210906339	0.9219908091326852	-0.8772136014975124	0.7792781430103887
CG11360	-0.992805508357525	-0.9809364480222589	-0.9589476177835797	0.4213380628412496	0.9048674104354607	-0.07460467917715427	0.33622175814190924	0.6052606405168717	-0.5672552104560631	0.3828183129555217	-0.28564705517679395	0.1129259818846328
PIP4K	0.9704271269784693	0.8475728013756166	0.9970905855688365	-0.07103189471847032	-0.6941509257259341	0.42458415027943774	-0.6493509670129823	-0.2823709889141236	0.23706210927034907	-0.02901253693911454	-0.07407900227492856	0.24804444434178236
CG11155	-0.9148632841825115	-0.7443559746233672	-0.969374712267857	-0.10056275533119631	0.5608522960145543	-0.5731357178179283	0.769817693886401	0.11419036078226313	-0.0674645628605831	-0.14232326759138497	0.24349890680317407	-0.4100290217979535
Cals	-0.9054432906556571	-0.9924727186204629	-0.8220035386243143	0.6840259336627946	0.9926423813811398	0.24126897043267218	0.024552447257003576	0.824003154871044	-0.7965193734638392	0.652737561072955	-0.5712506948563961	0.4182471141284576
CG41099	0.14212365164188775	0.4423396998025368	-0.024893506046914808	-0.9851951675825775	-0.6460215406249207	-0.9436494265834203	0.8221977771413493	-0.9258715215048415	0.9425756245295335	-0.9915343316794843	0.9996342005697864	-0.9888508473956696
CG13375	0.028983705154581228	0.337808034095781	-0.1380723214286407	-0.9594064322414813	-0.5553153118011855	-0.97508599540627	0.8814294734729234	-0.8770645750183668	0.89863195658075	-0.9704201638192723	0.9901226081254307	-0.999357582775309
luna	0.9860042099382157	0.8855582732967074	1.0	-0.1468584354758886	-0.7470008918830184	0.35433494782214864	-0.5894929054001012	-0.35467321431475957	0.3104252888963632	-0.10512178484456235	0.002152829354812441	0.17347919262190145
tai	-0.9452578875968056	-0.7972855558104021	-0.9864331747158244	-0.01751733830349947	0.6277269124213121	-0.503039906097565	0.7141021371912186	0.1963703194415	-0.15016052667135873	-0.05955812194805395	0.16203930566820254	-0.33279981864146546
dlp	0.9692997856497985	0.8451082282116384	0.9967272083342601	-0.06641573263240871	-0.6908127793420633	0.42876891862646566	-0.6528628657597202	-0.27792917471576095	0.2325643795208733	-0.024387084634454017	-0.07869258526247619	0.25252427574766656
Gdap2	-0.764054129901968	-0.52607157550146	-0.8609206239231039	-0.37678985238921936	0.30488686601760956	-0.7807858359998902	0.9184527554446911	-0.17032084298226707	0.2163549196410111	-0.4154190478054028	0.50688470975851	-0.6503773765728134
CG30427	0.5525768519687139	0.7839804805005046	0.405887977092435	-0.9636217194209404	-0.9107956342036557	-0.7108059225916569	0.4989746143521813	-0.9984666044530603	0.9947709118072952	-0.9515267832842181	0.9147945256216494	-0.8296523940794198
vir-1	-0.16560825191970682	-0.4635292347448727	0.0011278457533154596	0.9889912574965656	0.6639801101206154	0.9355176129764916	-0.8084378972748408	0.9345897153639366	-0.9502470639125045	0.9943401621536162	-0.999994618584004	0.9850325660825016
ham	-0.8962318173090877	-0.989650387650922	-0.8097335031671614	0.6993516486117607	0.9949883408306833	0.26180863914900737	0.003332413933538113	0.8358410476684188	-0.8091704394149635	0.6686671896884537	-0.5885396546357112	0.43742858078821684
Haspin	-0.17739116343167916	-0.47409353249745584	-0.010832130397962556	0.9906902768792655	0.6728756411462332	0.9312255075023047	-0.8013406984786475	0.938777338042489	-0.9539045767074048	0.9955397045075053	-0.9999623332789325	0.982900605775501
CG30015	0.7319882701922487	0.9073072423141055	0.6081540216986961	-0.8745246322948746	-0.9820407872019316	-0.5268247143927574	0.2827235549303405	-0.9579090756150496	0.943389015858974	-0.8533510184067064	0.7951264633831889	-0.6762807285998835
metro	0.5920824172962672	0.8129730282796388	0.4494395357781434	-0.9496290375917007	-0.9296253006912821	-0.6760993429209914	0.45665138501629	-0.9946410787782691	0.9886966179027034	-0.9356071233987806	0.8942762507829265	-0.8017975531367727
GEFmeso	0.909106603849654	0.9935018997009911	0.8269332909127335	-0.6776454402768194	-0.9915499233296877	-0.2328058441037784	-0.03326020839777535	-0.8190361842576962	0.7912221734455691	-0.6461132367340551	0.5640789809076109	-0.4103184632077951
CG30377	-0.4151942036430963	-0.6770565086221303	-0.25771219895018904	0.9935926962169108	0.8348777021385465	0.8122154420076876	-0.628568844075694	0.9948115806197582	-0.9984886112457522	0.9879594008742564	-0.9667742966594409	0.9068637177381855
CG30440	0.6415069533465448	0.37172065898282025	0.7604226607068773	0.5307126027672168	-0.13628137929577513	0.8767369760452062	-0.9728549313754662	0.33750781642051864	-0.38129086681011265	0.5658932607834168	-0.6477899351902527	0.7714990724832337
CG31038	0.9160781909579476	0.9952983580790531	0.8364021174266998	-0.6650060842481595	-0.9891934815591032	-0.21618724816984286	-0.05029924817744848	-0.8091328826112107	0.7806785241209314	-0.6330034838519396	0.5499156787735497	-0.3947071592178746
Lerp	0.7159800353293155	0.8973052271933961	0.5895683444934985	-0.8855439082819362	-0.9773979402297674	-0.5464078974968216	0.3049072829839267	-0.9643130793357972	0.9508323321648803	-0.8652196908754858	0.8089858632842727	-0.6931936509420109
LpR2	0.9741817663025943	0.9961418330144003	0.92290766868711	-0.5163835338684202	-0.9453839097722506	-0.03302216866643452	-0.23303746390532284	-0.6873218612750894	0.6524943143547972	-0.4799057787731651	0.3870073141618443	-0.21907819366947442
ClC-a	-0.2505686535129481	-0.5386777367838187	-0.08565990459097174	0.9981016875719938	0.7263674599169465	0.9013291860969227	-0.7543086241192353	0.9619349831462939	-0.9736947975142598	0.999808878347393	-0.9965065378203479	0.966357489702865
CG31140	0.4738434446527093	0.1771116447827674	0.6140271493497962	0.6905520320552926	0.06605595702549305	0.9556462508061639	-0.999528120350268	0.5201947676305618	-0.5596829226898934	0.7203641274097837	-0.7879611794003463	0.8838383332494297
CG31145	-0.21009850924033277	-0.5031803222944733	-0.044158758732860584	0.9946777092951562	0.6971611494756454	0.9185593974603886	-0.7809543170726059	0.9497401970828929	-0.9633784925988277	0.9981313343331129	-0.9991172774318332	0.9762162257003939
Nlg1	0.9585000525941656	0.9996489879910997	0.8975543708112925	-0.5679367295793172	-0.9635969107559172	-0.09426244095834284	-0.17295151294834218	-0.730579271744246	0.6977457383373423	-0.5328134157554499	0.4428350489940421	-0.2785115933261185
SKIP	-0.8773457699878675	-0.9829556705944668	-0.7850643745881117	0.7279915212078062	0.9982446036477323	0.3010499606522949	-0.037556515343651634	0.8575875727403941	-0.8325175809607743	0.6985095957925515	-0.6211028553417651	0.4738300012083873
CG31475	0.030008674974716845	-0.28171986793475123	0.1962340139864964	0.9411068018823877	0.5053099585445371	0.986469717810726	-0.9077466465584398	0.8472124478282025	-0.8711993952074223	0.9544957047936535	-0.9801323619226651	0.9997319479599011
CG31522	-0.20504171671507343	0.10887669677806638	-0.36535014490430623	-0.8671224774353822	-0.34594704664406883	-0.9999303082503967	0.967303623136375	-0.740774693239841	0.7714691922117881	-0.8873062893227112	0.9300814753860609	-0.9801365305579988
CG31694	-0.9389961466587176	-0.785869227149725	-0.9831939174729646	-0.036194521689461946	0.6130737867291414	-0.5190992254053416	0.7270564458052254	0.1780167001590236	-0.13166304530603548	-0.07819766857378145	0.1804472200197058	-0.35035985406212045
CG32017	0.33230944172630134	0.6086439547796436	0.1704127418440118	-0.9997154351614067	-0.7823969859771958	-0.8610571888752112	0.6955009627343172	-0.9817548438067901	0.989593593353988	-0.99782726245343	0.9857373569009791	-0.9408690254658018
Rbfox1	-0.8806671584427491	-0.690130501933366	-0.9473229122979524	-0.1776850429058284	0.4947215165727909	-0.635169422412493	0.817153876816921	0.03653132917099579	0.010384500173733378	-0.2189212003908046	0.31823986669166465	-0.4797646125430753
IRSp53	-0.2864416232662453	-0.5696747451300449	-0.12269819736804968	0.9997027408747515	0.7514553145971681	0.8845765851690233	-0.7293403242389562	0.9714433317548775	-0.9815037152551815	0.9998435040920239	-0.9927058782898033	0.9561105474451188
CG32085	-0.9540310081497877	-0.8138867242402285	-0.9906460198260043	0.010507436051033475	0.6492938239499615	-0.47862381137812876	0.6942050099523204	0.2237698024875845	-0.17780602781261626	-0.03156228238740709	0.1343238107730176	-0.3062442687328786
CG32091	-0.9127098402248928	-0.9944579791299222	-0.8318123971225367	0.6711973506852292	0.9903791995262086	0.2243037915796329	0.04198724105926592	0.8139943867656108	-0.7858514383212005	0.639423107541163	-0.5568463402496951	0.40233870265831023
SCaMC	-0.5169382597015891	-0.7571045998931035	-0.3669868401079748	0.9740352885548694	0.892575257848983	0.7398354711479729	-0.5350759311158748	0.9999128385407624	-0.998192893461666	0.9636503929830713	-0.9310140377530681	0.8524570311552446
CG32264	-0.7962042595771204	-0.5690878349017384	-0.885931259054347	-0.32868116280371507	0.35343550559850834	-0.7476398888927654	0.8969089454684949	-0.11944791258190668	0.165887528365022	-0.36811604537767767	0.4619082294849728	-0.6104746001153845
Mrtf	-0.8623383841320872	-0.6625893542862029	-0.9346852288028259	-0.21435581646676674	0.4618817517974779	-0.6636042940541548	0.8381348053358852	-0.0008592494218934416	0.047765214292662825	-0.2552511251059053	0.3534634317252699	-0.5122350124355132
zormin	0.8966160436838871	0.9897744214521288	0.8102419183294256	-0.6987317151669624	-0.9949012805499605	-0.260971838198459	-0.004199349526790901	-0.835364807273473	0.8086607429591374	-0.6680223136839482	0.5878385385721869	-0.43664881638293296
CG32333	0.6341568160333282	0.8428281587814109	0.49637231958349565	-0.9315937398293435	-0.9479299171454156	-0.6359034807580998	0.4086281289244729	-0.987724175330683	0.9793097124728596	-0.9154793968018943	0.8691763330042933	-0.7688367867496005
CG32369	-0.40707654192805454	-0.10346632760120875	-0.553660622344524	-0.742403680875654	-0.14004135503025789	-0.9748941980296739	0.9990463019517922	-0.5822375019763864	0.6197328244018643	-0.7699266841116645	0.8315485397213536	-0.9161645762089362
shep	0.9885848326121036	0.986523588827151	0.9496298271043274	-0.4494372851825783	-0.9177125046948046	0.04344529570438893	-0.30666490944890434	-0.6298098138212487	0.5926816324305837	-0.4114643736529611	0.31541754925377563	-0.1438813481302217
Cda4	-0.9713579548766098	-0.9971373815118861	-0.918146765936095	0.5267818459809327	0.9492862499344473	0.04520034353651707	0.2211684257056155	0.6961230784281833	-0.6616812936927136	0.4905622770240878	-0.3982161728277536	0.23095313557925468
CG32982	-0.9950800863363616	-0.9766847651400676	-0.9646355256362722	0.40239429536927435	0.8958225545687628	-0.09531863158894904	0.3557268903951879	0.5885820255879837	-0.5500128324824595	0.3635311363420492	-0.2656634568596451	0.09224654545796662
CG33111	-0.9616354591891737	-0.8289923844392033	-0.993913113184877	0.03699220781579408	0.6692125568552436	-0.4551971702340326	0.6748945549669313	0.24950946790356748	-0.2038114514024205	-0.005074482791787907	0.10802681764119612	-0.2809196424155893
CG33143	0.6010504689886471	0.8194290103937453	0.45939348872485264	-0.9460680272263854	-0.933685014690333	-0.6678238809919032	0.4466818157412336	-0.9934237019521421	0.9869595463881791	-0.9316037462434011	0.8892198024793315	-0.7950698535026512
CG33144	-0.11155877798071753	-0.4144976854442079	0.05568229788316574	0.9794454641662631	0.6221968604444414	0.9533979551233125	-0.8393446430097313	0.9137907045568673	-0.9318377699794935	0.9870630667044212	-0.9983263491030612	0.992969316098433
Nipped-A	-0.4343291827135866	-0.6924595922529306	-0.2780762823764992	0.9909820004780006	0.8463249764662972	0.7997044104348806	-0.6119901568488395	0.9967395766324171	-0.9994271579987681	0.9844687536304086	-0.9611554189593031	0.8977541027334014
form3	0.992073956812447	0.9040742733495373	0.9991384087036612	-0.1877842079081743	-0.773948962227491	0.3152200917283509	-0.5554605494216389	-0.39317187265031955	0.3496098159599363	-0.1463035555386202	0.043653170463778236	0.13245670938157916
Cadps	-0.9203158363132473	-0.753446255272023	-0.9726523365318515	-0.08690532707949769	0.5721564653657181	-0.5618408394403708	0.7609898753807984	0.1278073932154418	-0.08114446644376334	-0.12873201325158407	0.23017137267858306	-0.3974790843350311
CG40006	-0.9971174137578257	-0.9714205643296013	-0.9705122234893881	0.3809662178311373	0.885230359891586	-0.11847427863689694	0.37739471107569417	0.5695958953635759	-0.5304149494152892	0.34173830581389364	-0.2431407001459793	0.06903329333309746
MFS17	0.9798456847443461	0.9934531236521583	0.9328285769260488	-0.4934074548070756	-0.936373131867658	-0.0064086048874626945	-0.2588384758647369	-0.6677454701969763	0.6320934260358413	-0.45638467429776414	0.36232786265382394	-0.19303078178292954
Ctr1A	-0.5235722435453779	-0.23327004556859596	-0.6582871124212472	-0.6479300719590637	-0.008715746562125393	-0.9371804832812528	0.9961208151764245	-0.4703530083084459	0.5112296226017496	-0.6793958177308606	0.7513480235105183	-0.8555522617886723
CG6006	0.8166691773115674	0.9554601067985742	0.7090238757744324	-0.8016646636036163	-0.9984643501996684	-0.40819916149616003	0.15166482492827546	-0.9108124395882233	0.8904457380123932	-0.775811153911594	0.7067092481197237	-0.571491250200033
RhoU	0.46990726674015726	0.17271598648185402	0.6104972888199122	0.6937742264128843	0.0705100210959181	0.9569515901009586	-0.9996552946490218	0.5240024562996776	-0.5633770844205065	0.7234534894707711	-0.7907022141039508	0.8859179720279429
Dgk	-0.3579639376803731	-0.050465689806292846	-0.5086267082988689	-0.7769557911722196	-0.19245948487159337	-0.9853492923818795	0.995314485708207	-0.624618386688852	0.660561880364289	-0.8027489786539919	0.8598901677924788	-0.9361686124124308
Pvf3	0.5700660971848251	0.2868978859291787	0.6990648733899265	0.6046416731383294	-0.04681488723984629	0.9163673667180477	-0.9896989282440196	0.420632962368581	-0.4627253712567591	0.6376094207669314	-0.7135516269147506	0.8254894152211236
nub	-0.51780918139981	-0.7577690763206697	-0.3679333576234127	0.9738043766756517	0.8930336829210761	0.7391503799376093	-0.5342158820894317	0.9998988839346438	-0.9981312206882741	0.9633779939016898	-0.9306421055796287	0.8519245296483483
Rgk3	0.07571019733711559	0.38146627756759577	-0.0915913350611021	-0.9715488142464025	-0.5936097616199814	-0.9636419806325353	0.8583706652173387	-0.8985752697021876	0.9181698467789559	-0.9806510800108649	0.9955971916061299	-0.9965871379621157
spri	-0.6793320600704202	-0.41800918457712893	-0.7921688844622364	-0.4873480710117196	0.18600807507006217	-0.8513977997073404	0.9599637046793777	-0.2896653261419913	0.3342424151023327	-0.5236462674922286	0.6085951217223168	-0.7384730769218965
spin	-0.5438345739524947	-0.7774486447812289	-0.3963126640505071	0.9663628173757222	0.9064303192295543	0.7181195310176082	-0.5080060050157502	0.9989907000714686	-0.995784133681208	0.9546897521296551	-0.9189666753996172	0.8354427123811836
mol	-0.43235901150177714	-0.13112930021508187	-0.5766398654206817	-0.723455731381218	-0.11240889445588413	-0.9683140800061159	0.9998748503377707	-0.559366932149287	0.5976333153241747	-0.75185433938491	0.815755148470343	-0.9046457566059444
chinmo	-0.5232069420820725	-0.7618789253721402	-0.37380416231526015	0.9723474655286468	0.8958604959220612	0.7348777551034961	-0.5288612523092624	0.9997890082188623	-0.9977249822346479	0.9616636248312131	-0.9283102412270645	0.8485971070948247
CG41520	-0.7193849677459343	-0.8994527968977484	-0.5935106708358073	0.8832618577785548	0.9784199440660472	0.542306280011787	-0.30024692562335176	0.9630069743403425	-0.94930664480032	0.8627577659788936	-0.8061019822444427	0.6896612199868435
5-HT2A	-0.19385021856688328	-0.4887746039417598	-0.027579209681786572	0.9928315053686151	0.6851718444203847	0.9249905955079828	-0.7912085456270376	0.9444162832102609	-0.9587974772939147	0.9969802603488254	-0.9996766781265203	0.9796785043899185
rdo	-0.4567226503131523	-0.7102877797697389	-0.30201444787583076	0.9873205450724418	0.8593830867618325	0.7844373923549197	-0.5920178590539058	0.9984458437845678	-0.9999609688285674	0.9797697311322144	-0.9539513244234717	0.8864556964575611
puc	-0.446570141387965	-0.14679664092826697	-0.5894929054001012	-0.7124432797764435	-0.09667473943927403	-0.9642419906128658	1.0	-0.5461831155568513	0.5848742419651098	-0.7413294217432863	0.8065026044465714	-0.8977904687555367
Cht10	-0.4859017869482391	-0.7331850773944814	-0.3333853247547418	0.9815289168395366	0.8758280814624156	0.763490982894172	-0.5650330769314301	0.9997429902931873	-0.9997059427987315	0.9726130510190029	-0.9435061951732593	0.8706602106022309
CG42268	-0.6850471672992406	-0.8773290169982815	-0.554003780142252	0.9048477615857589	0.9673159021969732	0.5821965439762159	-0.3459016165063703	0.9748829794673524	-0.9633628875385771	0.8861393524662303	-0.8337048973660814	0.7237830555577882
Pde9	0.30781367613381605	0.5879268527120511	0.14487999562593956	-0.9999980003394032	-0.7660341284900232	-0.8739163097273515	0.7138451947421994	-0.9765105163990466	0.9855426602087842	-0.9991970916779909	0.9897588431206273	-0.9493130797433325
bun	-0.8511794265920819	-0.6462262216288895	-0.926773848868823	-0.23544259100453402	0.442580197305736	-0.6796374132159744	0.8497423484217153	-0.02249901823283066	0.0693693069693851	-0.27611450174077606	0.3736237421510293	-0.5307004554153074
CG42284	-0.4930974374359427	-0.19871565428981414	-0.6312385936856793	-0.6744766869705616	-0.04409344346183013	-0.9489372959790411	0.9986107164726313	-0.501284514767944	0.5413204777249698	-0.7049345153640789	0.774227957767743	-0.8733356288063977
grh	0.925172649363633	0.7616728590209889	0.975502283654207	0.0743433368510115	-0.5824471181527741	0.551370636225751	-0.7527532186471997	-0.1402966577836306	0.0936992326022341	0.11622388196957063	-0.21788870587412848	0.38588307396943367
Mob2	0.9901707871578993	0.9846785032293103	0.9529944553044094	-0.4396578723286839	-0.9133209342015749	0.05434978141408056	-0.3170379899812877	-0.6212922089484065	0.583853048408997	-0.4014894668363351	0.3050386683006779	-0.13306898627115515
crb	-0.056023197076793256	-0.363154986575048	0.11121947059480976	0.966687140059387	0.5776173418552186	0.9687259198041545	-0.8683251099228684	0.889742957168541	-0.9101748109628844	0.976598010490127	-0.9935541295561005	0.9980217376291809
CG42402	0.99525640272509	0.9762976613771824	0.9651073315555749	-0.40074961287912775	-0.8950230162009939	0.0971061436343347	-0.3574046931847399	-0.5871292500094227	0.5485121365217345	-0.36185757545214586	0.2639317180237239	-0.09045821127076566
kuz	0.3687679272861846	0.0620440168667262	0.5185769421055302	0.7696029130300226	0.18106684424649058	0.9833052714020336	-0.9963688315153181	0.6155203325805525	-0.6518111426224733	0.7957798112457308	-0.8539125782825828	0.9320288991879982
serp	-0.9869177775328649	-0.9882162652998282	-0.9462256875490637	0.4589608646269783	0.92190651185236	-0.03276318106834213	0.2964727193887538	0.6380770661640213	-0.6012576670980739	0.42118375597878266	-0.3255435742278358	0.15445162552285016
ctrip	-0.9997682482536538	-0.9570721915818622	-0.9821865639302809	0.3301133544821566	0.8586200487206905	-0.17230642283578132	0.4272046034052797	0.5240477692641161	-0.483520822531673	0.2901164362535763	-0.19002240961349007	0.014670278813232055
Gprk1	-0.8997571678172216	-0.9907683741372834	-0.8144090777808578	0.6936022280273249	0.9941552510359845	0.25406746218742154	0.011344504335065628	0.831415725717121	-0.8044366812791498	0.6626881292719602	-0.5820431194187603	0.4302095062094683
p120ctn	-0.5371686043447259	-0.7724411164648783	-0.3890260185320201	0.9683701372622989	0.9030555579742764	0.7236107457246365	-0.5148145419380933	0.9993152246382023	-0.9964796344483026	0.9570176870420627	-0.9220621391995081	0.83977077885257
dnr1	0.9225178647103709	0.7571602822584734	0.9739529754119374	0.08125834299931703	-0.5767950607103571	0.5571437938545635	-0.7573010923583481	-0.1334258950074583	0.08679150492882545	0.1231100697288298	-0.22465280639576393	0.39227257191458326
scny	0.9009320049519914	0.7217401699293351	0.960672788880084	0.13358922556939004	-0.5330134421224454	0.6000663791791021	-0.790614696104322	-0.08109408095901872	0.03425238006362626	0.17515671919143055	-0.2756140914892553	0.44012928201123264
Ubr3	-0.5326971597004679	-0.24370583660191317	-0.6663381218912082	-0.6397076555325294	0.0020300605818106047	-0.9333777869418622	0.9951177210771296	-0.46084299329612455	0.5019647662787825	-0.671471689111352	0.7442134814020483	-0.8499396329539921
vtd	-0.5055912611399815	-0.748413269352424	-0.35467321431475957	0.9769394664185503	0.8865443138818576	0.7486537047881229	-0.5461831155568513	1.0	-0.9988992642435153	0.9670937593140523	-0.9357517109302487	0.8592851454521525
CG42598	-0.2508594152832034	-0.5389307649270285	-0.08595915149324752	0.9981201406513479	0.7265738629369785	0.9011990513708411	-0.7541114012040445	0.9620170202217391	-0.9737631912795216	0.9998147052175419	-0.996481408808582	0.9662801940796086
Cad86C	0.9999560994409828	0.9534771632649991	0.984398733100006	-0.31861158044805904	-0.8523237270393779	0.18427081633232054	-0.4381666326835853	-0.5136533551089316	0.47284191730807856	-0.27845894342838484	0.17807091422235605	-0.0025115147355741596
Xrp1	0.9691279653904586	0.997791549868906	0.9144579537620114	-0.5345890443615674	-0.9521421074996943	-0.05440023730011538	-0.21217592727783705	-0.7027064917994794	0.6685596632342922	-0.49856818393110985	0.40664865882528434	-0.23990553669303608
rgn	0.570066097446392	0.2868978862341583	0.6990648736175746	0.6046416728847537	-0.04681488755786046	0.9163673665905946	-0.9896989281984413	0.42063296207975187	-0.4627253709745295	0.637609420521677	-0.7135516266917044	0.8254894150414339
plx	-0.8763051021932916	-0.6834942742409932	-0.9443591726721945	-0.1866626512815075	0.4867661928237649	-0.6421949440805369	0.8223827007368616	0.027405599448201184	0.019513876439460016	-0.22782089881987636	0.3268822209034921	-0.4877555162279297
verm	0.9224112469050189	0.996727842926633	0.845112425025628	-0.6529042389711421	-0.9867065617059789	-0.20045087709835324	-0.06636123202649839	-0.7995739255936214	0.7705230210922135	-0.6204663778627164	0.5364067606777694	-0.3798735141391494
sxc	0.9911618795694959	0.9833841238414317	0.9551729990458862	-0.43311352428227246	-0.9103347507498265	0.06161099641839673	-0.3239277926549324	-0.6155764892039368	0.5779326242736084	-0.3948174014387715	0.298103847159415	-0.12585674734767213
CG42663	0.291277030868141	0.5738184965139796	0.127709166413178	-0.9998131305184905	-0.7547780988749677	-0.8822096828867564	0.7258755818657168	-0.9726293285246356	0.982458117356644	-0.9997413999502645	0.9920842976283426	-0.9546184669792775
ps	0.6804399868389979	0.4193812202802674	0.7930900496424748	0.48602823649822563	-0.18749233707339633	0.8506043607759884	-0.9595393855587016	0.28821892715844105	-0.3328180852494554	0.5223585301789657	-0.6073956034690933	0.737453499623877
CG42673	0.45769056606581	0.7110534453753312	0.3030517754205337	-0.9871472000637767	-0.8599390748868263	-0.7837619382519047	0.5911403981403737	-0.998505905603176	0.9999699922192564	-0.9795513458890321	0.9536243031233048	-0.8859514787816125
CG42674	0.029216328227015035	-0.2824803670057228	0.19545667029686492	0.941374523628574	0.5059938457680329	0.986339450738882	-0.9074138111892819	0.8476333038675001	-0.8715882783882861	0.9547318059040285	-0.980289280565664	0.999749986613948
Lmpt	0.41852127224116165	0.11595579914764666	0.5640803866769395	0.7339270641644455	0.12758904337682128	0.9720193882830681	-0.9995160666680584	0.5719758948806283	-0.6098226664803231	0.7618477211754152	-0.8245035959792313	0.9110561393092911
pdm3	-0.2798076158406007	0.032000109475327214	-0.4359524406015834	-0.8261885081465151	-0.2726637283657027	-0.9960515709832222	0.9839625977214447	-0.6868423149139788	0.7201785414369204	-0.8491551942039866	0.8990290880394674	-0.961952622771537
larp	-0.8473855988835438	-0.9703419363120632	-0.7470008918830184	0.7673180867542895	1.0	0.35699984520803185	-0.09667473943927403	0.8865443138818576	-0.8638672688241874	0.7396655538918837	-0.6664296595710525	0.5251535669281453
gce	-0.6806498045109026	-0.4196411634601011	-0.7932644401549083	-0.4857779543758707	0.1877736109243234	-0.8504537561124071	0.9594587146082155	-0.287944707327151	0.332548036851595	-0.5221143223048538	0.6071680944610005	-0.737260062560684
CG42747	-0.5701404448041584	-0.2869845747124563	-0.6991295791730715	-0.6045695922247576	0.04690528205821571	-0.9163311346491583	0.9896859686439415	-0.4205508614846837	0.46264514607544543	-0.6375397050392967	0.7134882234958431	-0.8254383353053621
aPKC	-0.9155902538003596	-0.7455595574834148	-0.9698162142338501	-0.0987675672256177	0.5623450844466947	-0.5716563388127595	0.7686649043557546	0.11598254394230831	-0.06926451285462679	-0.14053723170943	0.2417486436295777	-0.4083828204081186
mid	-0.8170008824623892	-0.5976696530343758	-0.9017033745569513	-0.29524465677696504	0.38613352474682144	-0.7238084014196174	0.8807928435488735	-0.08443790127169039	0.1310843687752798	-0.33517101168546554	0.4304129907739085	-0.5822264087676263
Gprk2	-0.9975768945558594	-0.9267127492474938	-0.9952141821117071	0.24281370866757682	0.8083908011076106	-0.26126161130519765	0.5077379968595394	0.44434083500824	-0.40182979520426854	0.20179488475293336	-0.09985991200773789	-0.07641298055623544
d	-0.9990310236437985	-0.9360288508246569	-0.9923864140292226	0.267568247808923	0.8231953535553456	-0.2364648731950832	0.4855166716823649	0.4671293991598592	-0.4251406250504123	0.2268023544606215	-0.1252994807301074	-0.050862526018481964
RanBPM	-0.9222053158938474	-0.9966846289773206	-0.8448274377074158	0.6533077651266519	0.9867930197375987	0.20097290538728413	0.0658295251835194	0.7998938378037438	-0.7708625708259318	0.6208841856435524	-0.5368564069970775	0.38036638733564665
uex	0.1659502091445842	0.463836460387644	-0.0007810905949824687	-0.9890425087950281	-0.6642393565675865	-0.935395054998869	0.8082337549154167	-0.9347130095813903	0.9503550200991245	-0.9943769428079129	0.9999956960548394	-0.9849727372262406
magu	-0.9921045647977154	-0.9041784497836524	-0.9991282598533857	0.18802368632431285	0.7741033386991134	-0.3149886912144167	0.5552577848701318	0.39339604630457536	-0.34983824081465015	0.14654474911498452	-0.0438967582495621	-0.1322150322993663
CG43102	0.9438540018117221	0.7946974810914876	0.9857222546768478	0.021792163609995745	-0.6243928714842986	0.5067305875369825	-0.7170887364572872	-0.1921761305935137	0.1459319914435122	0.06382562908253958	-0.16625696043726448	0.33682869587054676
Sarm	0.5510127319101489	0.26478219421272536	0.6824285352240577	0.6228065974225029	-0.023820784733060766	0.925335369637837	-0.9927307333712034	0.4413942264876866	-0.482998577867541	0.6551642677559324	-0.7294814740877303	0.8382564322487124
cic	-0.8816203475416323	-0.6915879379808664	-0.9479666231206934	-0.17570091201914004	0.49647238656418696	-0.6336111462195864	0.8159902426826487	0.03854575660208009	0.008368740551827143	-0.21695380769366496	0.31632817630989624	-0.4779949389619261
Myc	-0.6463390314124939	-0.8512570102149847	-0.5100769300744193	0.9257119552231222	0.9528613502755365	0.6235843184961631	-0.3941025533908206	0.9851227172901496	-0.9759772914547298	0.9089833139415929	-0.861224899575569	0.7585993773379878
fzr	0.7505231390446402	0.918572127512338	0.629842757997698	-0.8607987884859796	-0.98687622207159	-0.5031524901082657	0.2561281911678516	-0.9496165349333874	0.933869962556456	-0.8386293171674767	0.7780768102537895	-0.6556810225850059
Skeletor	0.1934723904058708	-0.12060479936401766	0.35433494782214864	0.8729424923338572	0.35699984520803185	1.0	-0.9642419906128658	0.7486537047881229	-0.7789271109020551	0.8926890911256264	-0.9343535828981989	0.9824096103081481
norpA	-0.8024247254106741	-0.948017414997332	-0.6917031891857436	0.8159341065206313	0.9968260622715549	0.4302310949053123	-0.17560531807681448	0.9205616849828324	-0.9012266743952134	0.7908936218309776	-0.7236693463469148	0.5912357321399937
axo	-0.2856188602634795	-0.5689688475554623	-0.1218460037190941	0.9996814380034174	0.7508885231415101	0.884976722713856	-0.7299274922949838	0.9712392435826972	-0.9813389734680821	0.9998583255545618	-0.9928090306961049	0.9563617807224464
milt	0.8617722921326371	0.9766672903669605	0.7651346240754902	-0.749255656809797	-0.999616076044735	-0.33098117057274273	0.0690599954407433	-0.8733852904779362	0.8495788470855871	-0.7207351949292317	0.645516046240377	-0.501372735589829
cnc	-0.766845824233741	-0.9281873266366749	-0.6491068197123253	0.8477762372892143	0.9906124408228377	0.4813409141918008	-0.23182727222034258	0.941465391199049	-0.9246163084279417	0.8247177845423433	-0.7620929234333269	0.6365566970317631
chas	0.3161316356592289	0.5949862283890435	0.15353690567227535	-0.99997718430502	-0.7716323763566133	-0.869627299818742	0.7076867968990272	-0.9783594939022987	0.9869881990723558	-0.9988080393194171	0.9884711629494096	-0.9465247729618421
CG31688	-0.9978018743679231	-0.9279523699223138	-0.9948850418923296	0.24602565236450533	0.8103362015732797	-0.2580628180373845	0.5048815350878219	0.4473058424734349	-0.40486080888510345	0.2050380406040448	-0.10315521350689656	-0.07310983961119115
Nha2	-0.9568500400749753	-0.8193990300156908	-0.9919041497616025	0.02005755587202993	0.6565281989615549	-0.47021589922808477	0.68729866091778	0.23306852479807247	-0.18719685200332736	-0.022014474866713808	0.12485311464624163	-0.2971380769360675
hppy	0.6281205514655467	0.35558152184313	0.7490573401359448	0.5453165827574565	-0.11909780304274355	0.8849380830621894	-0.9767181439939795	0.35376535145890214	-0.39724960351739064	0.5800922207149534	-0.6608910428082138	0.7824058216117725
mld	-0.6463390314935142	-0.8512570102707022	-0.5100769301657474	0.9257119551829616	0.952861350307752	0.6235843184131563	-0.39410255329323435	0.9851227172719023	-0.975977291431596	0.9089833138973337	-0.8612248995216057	0.7585993772688056
Myo10A	-0.8775729456146081	-0.6854175481284361	-0.9452235800180732	-0.1840703285718746	0.48906891148307075	-0.6401705433408207	0.8208789671156557	0.03004255241147222	0.016876271674797175	-0.2252514392774426	0.3243879647511563	-0.4854508628536315
CG17684	-0.06201028021782964	-0.3687365076357828	0.10525716960928118	0.9682048819286995	0.5825027666832042	0.9672203156094276	-0.8653347551181718	0.8924645897847944	-0.9126427559619067	0.9778703476589155	-0.9942161301149498	0.99762672575395
esn	0.868632585530418	0.6719483313903	0.9390781497589233	0.20206554490771106	-0.4729900831234215	0.6541519140648773	-0.8312146605787968	-0.011706237570683953	-0.035210361817874236	0.24308178200980274	-0.34168122160689285	0.5014028169967933
spoon	-0.635796443923844	-0.8439685045024784	-0.4982136856473424	0.9308201433721389	0.9486037248482146	0.6342640397830841	-0.40669008369157256	0.9873904132828326	-0.9788780007474157	0.9146233520151307	-0.8681248391925599	0.7674778910287872
CG43759	-0.655654411170035	-0.38891142904526116	-0.7723621154854933	-0.5148676191074776	0.15467125579719504	-0.8676458089353444	0.9683855838325601	-0.31995330541618827	0.3640423075581439	-0.5504710598347803	0.6335182282234957	-0.7595402881199674
Sema2b	-0.9319097870166752	-0.7733092395756742	-0.9793348278267722	-0.05622920560715666	0.5971064360895691	-0.5361362003011094	0.740679604636181	0.15824612325566847	-0.1117560495343073	-0.09817563423513571	0.20013682093693652	-0.36907330325684734
SNF4Agamma	-0.30506498561371775	0.005592592158834276	-0.45956847247286436	-0.8110211695052761	-0.24715942807065838	-0.9933595695114549	0.9883302498436727	-0.6674078708984138	0.701604462817113	-0.8349108029004451	0.8871509110678983	-0.9544014818032162
CG17646	-0.5960073633985419	-0.3173372769512063	-0.7215387591228226	-0.5789029407980117	0.07868388238903085	-0.9031182278089759	0.9846234229972903	-0.39145256419517893	0.4341853532145674	-0.6126884052162332	0.6908190913582785	-0.8070479095724087
Hph	-0.5876226785146292	-0.30745593284985867	-0.7142977751577251	-0.5873532270787905	0.06831005769473546	-0.9075358257152265	0.9863872515416165	-0.40100312111294895	0.4435320658425395	-0.6208760704274587	0.6983025194457001	-0.8131463751909539
CG44085	-0.9755485874657043	-0.8591488816543718	-0.9985374745624286	0.0931658775373334	0.7099654173592952	-0.404372938118804	0.6323021950646306	0.30360521502415144	-0.25857820255508035	0.05120362958942669	0.05191415507145536	-0.22646969309739826
Src42A	0.4670554709497179	0.16953566383157456	0.6079375258740255	0.6960953455307815	0.0737295529442724	0.9578835043895345	-0.9997348340055701	0.5267490112122162	-0.5660410674758739	0.725678198813326	-0.7926742385506148	0.8874106074246589
Irk1	-0.938996146578461	-0.7858692270054211	-0.9831939174303628	-0.03619452192266221	0.6130737865447865	-0.5190992256047919	0.7270564459654406	0.17801669992939764	-0.13166304507471369	-0.0781976688064201	0.18044722024922843	-0.35035985428068256
Cdep	-0.3522494024951262	-0.04435961912144753	-0.5033540622042136	-0.780789692856192	-0.19845452436946226	-0.9863734305336685	0.9947048275236505	-0.629380477279796	0.6651389428136322	-0.8063792168896401	0.8629946177994883	-0.9383001249789864
Meltrin	0.27162078569027015	-0.040511466242900925	0.4282716956846348	0.8309568996255807	0.2808480085374342	0.9967715436884252	-0.9824077126097626	0.6930075264717214	-0.7260613362812075	0.8536225295301594	-0.9027259278605682	0.9642446837426666
Gyg	-0.9983636939925344	-0.9313061281210621	-0.9939244359188312	0.25483741224647266	0.8156359200065081	-0.24925871357914542	0.4970041321674438	0.45542770870679905	-0.41316644250196966	0.2139378797051138	-0.11220409242031253	-0.06402946154112278
Trpm	-0.6911548349642471	-0.43270086740930774	-0.8019715428489567	-0.4731090648585719	0.20193328126786997	-0.8427710689308445	0.9552899535599911	-0.2740900900216843	0.31889897048746724	-0.5097477872981697	0.5956343467268969	-0.7274301304296201
tn	-0.8200503717356282	-0.9571798722948858	-0.7131604656632589	0.7981338634622873	0.998772996688792	0.4028212101571828	-0.1458468891133402	0.9083679007801555	-0.887752867490576	0.7720855253154874	-0.7025345087376927	0.566653417992259
mbl	-0.20891404930652688	0.10494133930059547	-0.36903169898486315	-0.865144208300224	-0.34223069533114486	-0.9998757476996653	0.9682998874658929	-0.7381100671840194	0.7689447840392739	-0.8854739704489094	0.9286201931084183	-0.9793438802185004
Smr	-0.8053788314413229	-0.9495862749161231	-0.6952816498910065	0.8130524639231923	0.997209181469813	0.42574208954554615	-0.17071345126763895	0.9186102792159722	-0.8990631690290284	0.7878443640075259	-0.7202325413022569	0.5872226541911293
CG44422	-0.4469058739387132	-0.7024990412675011	-0.29150615673896335	0.9890075109865003	0.8537044329106322	0.7912145744333209	-0.600850290965856	0.9977721428766143	-0.9998032057717536	0.9819125916193856	-0.9571942986573033	0.8914947560659746
rdgC	0.5233143815744677	0.2329757505356526	0.6580592698530227	0.6481605580977772	0.009018368070989177	0.9372860124738879	-0.9961474001334414	0.47062005419695946	-0.5114896957030263	0.6796178505310592	-0.7515476987521763	0.855708900902319
rudhira	0.9072667701857478	0.9929920130024673	0.8244536502421547	-0.6808713762711917	-0.992110567724623	-0.23707842824333247	-0.028866708677064822	-0.8215502174614736	0.7939025719887713	-0.6494619073416193	0.5677030785739572	-0.4143230422659337
Pde8	-0.20770069895223126	-0.5010599192210762	-0.04170911304650928	0.9944220868516556	0.6954012479359701	0.919525832542062	-0.7824834002106109	0.9489697998781492	-0.9627181301315798	0.9979785100204343	-0.999217273596899	0.9767448621805179
CG45050	-0.9988850573361983	-0.9642035294765509	-0.9770342513224967	0.3542576930380013	0.8715074865386911	-0.14694015290537654	0.403832502931444	0.5457577790474879	-0.505851712671914	0.3146092832079028	-0.21518520636283223	0.040356345880073634
sima	-0.8321699789714968	-0.9631851116704027	-0.7280731915347892	0.7849905767447337	0.9996071150341106	0.38304144433845894	-0.12453430577294482	0.8991633673168495	-0.8776465391489069	0.7582376453882815	-0.6870652290725521	0.5487999899522612
Gp210	0.4217077366274051	0.6823168764324616	0.264634895857983	-0.9927566133511159	-0.8388037175898787	-0.8080109667884878	0.6229749648958174	-0.9955155942227883	0.9988570763658325	-0.9868244572349046	0.964916156599472	-0.9038181261043605
Svil	-0.641259406752233	-0.8477547945233833	-0.5043558688180303	0.9282023703176285	0.9508262440455317	0.6287601366100033	-0.40019494002525463	0.9862418244593696	-0.9774020957135284	0.9117303588291688	-0.8645796843152631	0.7629079177631429
mamo	0.6912216473246142	0.4327842140521481	0.8020267664519927	0.4730276127145795	-0.20202382732979304	0.8427213012641268	-0.9552626142891109	0.27400117787859046	-0.3188113446436916	0.5096682468924076	-0.5955600819929711	0.7273666887933725
HnRNP-K	-0.8354457205191869	-0.9647633811141303	-0.7321279621827564	0.7813007475878353	0.9997558334001871	0.37755350276463523	-0.11864454677492861	0.896550846824838	-0.8747869876228002	0.7543556146543362	-0.682741689262677	0.5438299805667256
Frl	0.07358401340347732	0.3794945050426669	-0.0937142961948931	-0.9710416332105382	-0.5918925731674333	-0.9642094889666426	0.8594625615345713	-0.897637606599274	0.9173230370776224	-0.980231456894094	0.9953950734933636	-0.9967608746657614
ap	0.5232388546274276	0.7619031802673658	0.373838894831344	-0.9723387194161366	-0.8958771345138404	-0.7348523577563589	0.5288294699936418	-0.9997882383043896	0.997722456995025	-0.9616533548812441	0.9282963173770624	-0.8485772953244851
InR	-0.16071245363386288	0.15357663795883833	-0.32301642080566256	-0.8886944230157565	-0.3878905512351851	-0.9994460145166565	0.9548874162635383	-0.7703033646408792	0.7993669616297154	-0.9071936684558274	0.9456957676721787	-0.9880803314106663
CG46315	-0.21616821754596513	-0.5085392725347014	-0.05036426906155966	0.9952986129816223	0.7016014716525945	0.9160860068772505	-0.7770590412946872	0.9516666016274611	-0.9650257336600203	0.9984916841240391	-0.9988370261904377	0.9748505393237297
CG46319	0.5610192745060697	0.7902493949403003	0.41515574744744277	-0.9608555271117915	-0.914944704365413	-0.7036202616729224	0.4901409083625704	-0.9978524034644146	0.9936815093780974	-0.9483516634650385	0.9106420045967434	-0.8239354112618158
Ttd14	-0.2700795128434022	-0.5555920821759096	-0.10577477858107408	0.999142376556417	0.7401073063767656	0.8923929621000355	-0.7408885538102338	0.9672606170576149	-0.9781002001281138	0.9999997844022855	-0.9946155233987911	0.9609629839104245
RpL27A	-0.4678003378446808	-0.719025876092975	-0.31389989935082063	0.9852604726046607	0.8657037791076938	0.7766283124117949	-0.5819037506717761	0.9990641393436827	-0.9999933118044556	0.9771932021614692	-0.9501296555168134	0.8806048867855294
cv-c	1.0	0.9506105388073915	0.9860042099382157	-0.3097157915045141	-0.8473855988835438	0.1934723904058708	-0.446570141387965	-0.5055912611399815	0.46456470160089974	-0.2694472025114674	0.16884273107712336	0.006858688208372662
CG46339	0.9940416602009515	0.9787788289468011	0.9619566002182328	-0.41151155556178576	-0.9002136236293127	0.08537829254811445	-0.3463809945081781	-0.5966217515664612	0.558321159969422	-0.37281118270056446	0.27527260001026504	-0.10218042989397723
stw	0.8165029267566518	0.9553750673487666	0.7088207408665584	-0.8018367997544478	-0.9984483531827376	-0.4084620737347723	0.15194950438800794	-0.9109313013336356	0.8905767748181805	-0.7759928507728349	0.7069129923972681	-0.571727576041855
Pld	-0.9882687412795961	-0.8920549768011367	-0.9998994986749862	0.16086714429510807	0.7563511358729396	-0.3410419885151628	0.5779817061819618	0.36789309919698604	-0.32387089049759404	0.11920985335087146	-0.016329764257093104	-0.15949953467777503
